0.000000000000000000e+00 0.000000000000000000e+00
7.499999999999999722e-03 2.639195635292813091e-01
2.249999999999999917e-02 2.397361812846035001e+00
3.749999999999999861e-02 5.335370465615828728e+00
5.249999999999999806e-02 8.528222349963190396e+00
6.750000000000000444e-02 1.112344819935658968e+01
8.249999999999999001e-02 1.059853366814913400e+01
9.750000000000000333e-02 8.126846781431842359e+00
1.124999999999999889e-01 6.001371534606037450e+00
1.275000000000000022e-01 4.352807107776399675e+00
1.425000000000000155e-01 3.119232747405681572e+00
1.575000000000000011e-01 2.183765467582367670e+00
1.724999999999999867e-01 1.547312901501628923e+00
1.875000000000000000e-01 1.091075948728809308e+00
2.025000000000000133e-01 7.476880565556328628e-01
2.174999999999999989e-01 5.063584747728396840e-01
2.324999999999999845e-01 3.147470224588791998e-01
2.474999999999999978e-01 1.819300315654655831e-01
2.625000000000000111e-01 1.067981726318337210e-01
2.775000000000000244e-01 5.697919503020402315e-02
2.924999999999999822e-01 3.428836515091922971e-02
3.074999999999999956e-01 2.279167801208160926e-02
3.225000000000000089e-01 1.169838340443126769e-02
3.374999999999999667e-01 6.857673030183846635e-03
3.524999999999999800e-01 3.630532780685565789e-03
3.674999999999999933e-01 2.016962655936425583e-03
3.825000000000000067e-01 1.008481327968212792e-03
3.975000000000000200e-01 5.042406639841063958e-04
4.124999999999999778e-01 1.008481327968212764e-04
4.199999999999999845e-01 0.000000000000000000e+00
