0.000000000000000000e+00 -1.092774475800968026e-05
1.000000000000000000e+00 5.272289110968488322e-05
2.000000000000000000e+00 1.266010032968363042e-04
3.000000000000000000e+00 7.366625251412748277e-05
4.000000000000000000e+00 1.275690296187007970e-05
5.000000000000000000e+00 1.049820242687346952e-05
6.000000000000000000e+00 1.083730375278532960e-05
7.000000000000000000e+00 2.502120326325378962e-05
8.000000000000000000e+00 3.555939268900729089e-05
9.000000000000000000e+00 2.426717925994831921e-05
1.000000000000000000e+01 1.114213970482308949e-05
1.100000000000000000e+01 1.758532253514784972e-05
1.200000000000000000e+01 2.940872551294389833e-05
1.300000000000000000e+01 1.671014580668756951e-05
1.400000000000000000e+01 6.701720420782212581e-06
1.500000000000000000e+01 1.047550505195769920e-05
1.600000000000000000e+01 1.628704912486174928e-05
1.700000000000000000e+01 1.551371334107192010e-05
1.800000000000000000e+01 1.586290956655027025e-05
1.900000000000000000e+01 1.363277934822026943e-05
2.000000000000000000e+01 7.095424204126484036e-06
2.100000000000000000e+01 7.286213394251631357e-06
2.200000000000000000e+01 1.130249508184637993e-05
2.300000000000000000e+01 1.322387181423520937e-05
2.400000000000000000e+01 1.326101792526871048e-05
2.500000000000000000e+01 1.225515318375786081e-05
2.600000000000000000e+01 1.473230773474566074e-05
2.700000000000000000e+01 8.488894281320368248e-06
2.800000000000000000e+01 7.372526053289512147e-06
2.900000000000000000e+01 8.563980034608643013e-06
3.000000000000000000e+01 8.425103974770828185e-06
3.100000000000000000e+01 5.802564426823442717e-06
3.200000000000000000e+01 7.172279894493312880e-06
3.300000000000000000e+01 1.024624988634769957e-05
3.400000000000000000e+01 8.244026566219945010e-06
3.500000000000000000e+01 5.255076312242877730e-06
3.600000000000000000e+01 6.404185773459995199e-06
3.700000000000000000e+01 7.687277558613667093e-06
3.800000000000000000e+01 9.302196655584144306e-06
3.900000000000000000e+01 6.801724491596241355e-06
4.000000000000000000e+01 4.229226135352829597e-06
4.100000000000000000e+01 3.808587843801005915e-06
4.200000000000000000e+01 5.389796271893364135e-06
4.300000000000000000e+01 8.244516828157989497e-06
4.400000000000000000e+01 7.300133017739590644e-06
4.500000000000000000e+01 4.904255748319039814e-06
4.600000000000000000e+01 7.668527965830300707e-06
4.700000000000000000e+01 9.127493442957996798e-06
4.800000000000000000e+01 5.619333378826619756e-06
4.900000000000000000e+01 7.317696578099782938e-07
5.000000000000000000e+01 2.704609131589408823e-06
5.100000000000000000e+01 6.532259953278184265e-06
5.200000000000000000e+01 4.176642724071279872e-06
5.300000000000000000e+01 4.905698485538012251e-06
5.400000000000000000e+01 5.707673864910200068e-06
5.500000000000000000e+01 6.945590177712550677e-06
5.600000000000000000e+01 7.657858384405052642e-06
5.700000000000000000e+01 4.893030137423378349e-06
5.800000000000000000e+01 5.983798363122861584e-06
5.900000000000000000e+01 9.155060721427079039e-06
6.000000000000000000e+01 6.906969584529130359e-06
6.100000000000000000e+01 4.245813254628008946e-06
6.200000000000000000e+01 2.794887164688443965e-06
6.300000000000000000e+01 3.696877477198509854e-06
6.400000000000000000e+01 4.859393813376977850e-06
6.500000000000000000e+01 3.698134877409246084e-06
6.600000000000000000e+01 2.802860223790075177e-06
6.700000000000000000e+01 1.836893157599594926e-06
6.800000000000000000e+01 2.267056469413047810e-06
6.900000000000000000e+01 5.175792322561586608e-06
7.000000000000000000e+01 8.216442968827888970e-06
7.100000000000000000e+01 6.470665881322074060e-06
7.200000000000000000e+01 5.336276396873370145e-06
7.300000000000000000e+01 7.308458485562360058e-06
7.400000000000000000e+01 7.607472524041827623e-06
7.500000000000000000e+01 5.493555822991633599e-06
7.600000000000000000e+01 5.288000961334750401e-06
7.700000000000000000e+01 4.417269871255150586e-06
7.800000000000000000e+01 2.042892192927061052e-06
7.900000000000000000e+01 1.553628696772978925e-06
8.000000000000000000e+01 3.539098026794220826e-06
8.100000000000000000e+01 4.018643287250736102e-06
8.200000000000000000e+01 2.314212088232472876e-06
8.300000000000000000e+01 4.991382990559466637e-07
8.400000000000000000e+01 2.047912882282468810e-06
8.500000000000000000e+01 4.015110617388752309e-06
8.600000000000000000e+01 1.760439062553584039e-06
8.700000000000000000e+01 1.032226460933136913e-06
8.800000000000000000e+01 1.891167796249113090e-06
8.900000000000000000e+01 1.048398713984019014e-06
9.000000000000000000e+01 1.339668585100606054e-06
9.100000000000000000e+01 3.149984419347412081e-06
9.200000000000000000e+01 3.763827761746109056e-06
9.300000000000000000e+01 1.313550910374430092e-06
9.400000000000000000e+01 1.508860976628579093e-06
9.500000000000000000e+01 4.388537941769209132e-06
9.600000000000000000e+01 2.727153199701617794e-06
9.700000000000000000e+01 2.465923866501390078e-06
9.800000000000000000e+01 3.594781249868185832e-06
9.900000000000000000e+01 5.532778875319175902e-06
1.000000000000000000e+02 6.041330730724995360e-06
1.010000000000000000e+02 5.396031099495299057e-06
1.020000000000000000e+02 5.064922647845499904e-06
1.030000000000000000e+02 2.839405948772197009e-06
1.040000000000000000e+02 3.474116086772596141e-07
1.050000000000000000e+02 1.621729169314108093e-06
1.060000000000000000e+02 2.293098197812386160e-06
1.070000000000000000e+02 6.470321793503678273e-07
1.080000000000000000e+02 1.901927632753970097e-06
1.090000000000000000e+02 5.455117911564819297e-06
1.100000000000000000e+02 5.112044121735309085e-06
1.110000000000000000e+02 2.479944027068886126e-06
1.120000000000000000e+02 -2.829601494270780868e-07
1.130000000000000000e+02 2.214657757099089007e-06
1.140000000000000000e+02 3.808529686883110989e-06
1.150000000000000000e+02 1.367375187406808024e-06
1.160000000000000000e+02 -4.616616048693414801e-07
1.170000000000000000e+02 -9.983598702340652259e-07
1.180000000000000000e+02 -3.831900508125470082e-07
1.190000000000000000e+02 1.906797915973399948e-06
1.200000000000000000e+02 2.248241960969192128e-06
1.210000000000000000e+02 4.612842145612231183e-07
1.220000000000000000e+02 1.260415694623211059e-06
1.230000000000000000e+02 2.886499622565227969e-06
1.240000000000000000e+02 4.231316043779471382e-06
1.250000000000000000e+02 4.909971370231088918e-06
1.260000000000000000e+02 5.749577770325184010e-06
1.270000000000000000e+02 6.273456788890240630e-06
1.280000000000000000e+02 6.465338850461330420e-06
1.290000000000000000e+02 4.317044465000947155e-06
1.300000000000000000e+02 2.140140616249549045e-06
1.310000000000000000e+02 2.077718498342792967e-06
1.320000000000000000e+02 1.610084184657370054e-06
1.330000000000000000e+02 5.905125694092069770e-07
1.340000000000000000e+02 3.179272647210332131e-07
1.350000000000000000e+02 1.432126287051423983e-06
1.360000000000000000e+02 1.646244876571251046e-06
1.370000000000000000e+02 2.497328882339656986e-06
1.380000000000000000e+02 3.004438497919952931e-06
1.390000000000000000e+02 1.481092474481947041e-06
1.400000000000000000e+02 1.606694717043034999e-06
1.410000000000000000e+02 2.978618090284417073e-06
1.420000000000000000e+02 3.314864993863516822e-06
1.430000000000000000e+02 3.209065560017677064e-06
1.440000000000000000e+02 8.396336319278946277e-07
1.450000000000000000e+02 2.402122092568885056e-09
1.460000000000000000e+02 1.527417605640085006e-06
1.470000000000000000e+02 1.960135128424424953e-06
1.480000000000000000e+02 1.759431451517528973e-06
1.490000000000000000e+02 3.066263320264013084e-06
1.500000000000000000e+02 3.947565047738892314e-06
1.510000000000000000e+02 5.736702691148355894e-07
1.520000000000000000e+02 -4.076784695341873236e-08
1.530000000000000000e+02 1.564368163564259076e-06
1.540000000000000000e+02 1.749011384247712993e-06
1.550000000000000000e+02 4.864064521672782271e-07
1.560000000000000000e+02 1.047995928906397900e-06
1.570000000000000000e+02 2.943369191510177052e-06
1.580000000000000000e+02 3.511681042379432039e-06
1.590000000000000000e+02 3.568421608613015992e-06
1.600000000000000000e+02 2.929347508908300980e-06
1.610000000000000000e+02 2.413923920017277180e-06
1.620000000000000000e+02 3.481453322906199803e-06
1.630000000000000000e+02 2.543645353933494015e-06
1.640000000000000000e+02 6.570718567330617024e-07
1.650000000000000000e+02 9.770432632293994421e-07
1.660000000000000000e+02 1.897926928990287105e-06
1.670000000000000000e+02 5.555007994052786411e-07
1.680000000000000000e+02 8.332750954786690148e-07
1.690000000000000000e+02 8.660098273818314592e-07
1.700000000000000000e+02 1.369307832193646973e-06
1.710000000000000000e+02 2.435092772974302003e-06
1.720000000000000000e+02 1.648937452735180039e-06
1.730000000000000000e+02 1.503654017901576001e-06
1.740000000000000000e+02 1.130653333900831024e-06
1.750000000000000000e+02 -9.061951805961110704e-08
1.760000000000000000e+02 1.424552442379196903e-06
1.770000000000000000e+02 2.540084109070686059e-06
1.780000000000000000e+02 2.164411720017686189e-06
1.790000000000000000e+02 2.494080241373258810e-06
1.800000000000000000e+02 2.476970216370097196e-06
1.810000000000000000e+02 3.045884385642966120e-06
1.820000000000000000e+02 3.996760666503285633e-06
1.830000000000000000e+02 3.494308588867279967e-06
1.840000000000000000e+02 1.727016157954032053e-06
1.850000000000000000e+02 3.061706339082218172e-06
1.860000000000000000e+02 3.863319807744470269e-06
1.870000000000000000e+02 1.642189090817486900e-06
1.880000000000000000e+02 1.297477442919383941e-06
1.890000000000000000e+02 2.565466025846235191e-06
1.900000000000000000e+02 1.463132521161203008e-06
1.910000000000000000e+02 1.369150012174705090e-06
1.920000000000000000e+02 2.423094765896864003e-06
1.930000000000000000e+02 2.990084057368671988e-06
1.940000000000000000e+02 1.034600669469646951e-06
1.950000000000000000e+02 8.948437670308967353e-07
1.960000000000000000e+02 2.545350411458789910e-06
1.970000000000000000e+02 3.498327023755729903e-06
1.980000000000000000e+02 1.942679268416737901e-06
1.990000000000000000e+02 6.153257250447604986e-07
2.000000000000000000e+02 8.124325441549862175e-07
