0.000000000000000000e+00 0.000000000000000000e+00
3.750000000000000000e-01 2.277440555627304741e-01
1.125000000000000000e+00 4.058059609396300060e-01
1.875000000000000000e+00 5.484351457230186577e-01
2.625000000000000000e+00 1.413405656722200587e-01
3.375000000000000000e+00 6.377086113622340395e-03
4.125000000000000000e+00 2.565758319342201568e-03
4.875000000000000000e+00 8.638627003601819215e-04
5.625000000000000000e+00 2.008983024093446632e-04
6.000000000000000000e+00 0.000000000000000000e+00
