0.000000000000000000e+00 1.956665853957240102e-08
1.000000000000000000e+00 -3.692679898808713259e-08
2.000000000000000000e+00 -1.014758513889550052e-07
3.000000000000000000e+00 -5.531478374572598331e-08
4.000000000000000000e+00 -1.881151018112291059e-08
5.000000000000000000e+00 -3.156358092365932198e-08
6.000000000000000000e+00 -3.260808201234556763e-08
7.000000000000000000e+00 -8.224607226953155757e-10
8.000000000000000000e+00 2.495147225725755899e-08
9.000000000000000000e+00 7.185065402713280939e-08
1.000000000000000000e+01 6.885285239659610591e-08
1.100000000000000000e+01 2.023669983014015013e-08
1.200000000000000000e+01 -1.380381777860547031e-08
1.300000000000000000e+01 -2.635442645524635008e-08
1.400000000000000000e+01 -1.292535844083950002e-08
1.500000000000000000e+01 -1.122520083322218017e-09
1.600000000000000000e+01 -5.658643822617067183e-10
1.700000000000000000e+01 3.463827793882023031e-09
1.800000000000000000e+01 -2.702302745157992108e-09
1.900000000000000000e+01 2.753210873371044922e-09
2.000000000000000000e+01 3.210859692051418134e-09
2.100000000000000000e+01 -3.603456665872124039e-09
2.200000000000000000e+01 -1.380313462158242917e-09
2.300000000000000000e+01 6.042026230941495348e-09
2.400000000000000000e+01 1.302518197636784086e-10
2.500000000000000000e+01 -5.681676428891056636e-10
2.600000000000000000e+01 1.165042707030017954e-09
2.700000000000000000e+01 -5.392020565989243588e-09
2.800000000000000000e+01 -3.863620434910901808e-09
2.900000000000000000e+01 3.340702921936730218e-10
3.000000000000000000e+01 -2.026984017500598179e-09
3.100000000000000000e+01 -2.451410900752368116e-09
3.200000000000000000e+01 -4.615992866979706812e-09
3.300000000000000000e+01 -1.238861820744083952e-09
3.400000000000000000e+01 4.598349158222449588e-09
3.500000000000000000e+01 6.466407298751645256e-09
3.600000000000000000e+01 4.776668455732808044e-09
3.700000000000000000e+01 3.803471713462995631e-09
3.800000000000000000e+01 3.079080776224888141e-09
3.900000000000000000e+01 -6.902818960379067170e-10
4.000000000000000000e+01 -1.163236369340386087e-09
4.100000000000000000e+01 -1.140089768763368989e-10
4.200000000000000000e+01 1.784409109786273083e-09
4.300000000000000000e+01 2.153628802378888896e-09
4.400000000000000000e+01 -6.074930998898763013e-10
4.500000000000000000e+01 -9.727307656215476545e-10
4.600000000000000000e+01 1.159345192760895010e-09
4.700000000000000000e+01 1.890984743925055179e-09
4.800000000000000000e+01 1.332656255040558933e-09
4.900000000000000000e+01 2.221186837693051117e-10
5.000000000000000000e+01 -2.025706797928244101e-09
5.100000000000000000e+01 -2.288136119773371955e-09
5.200000000000000000e+01 -1.535763786557415953e-09
5.300000000000000000e+01 -3.766493078473085860e-11
5.400000000000000000e+01 1.051348310844507992e-09
5.500000000000000000e+01 1.331370294465513003e-09
5.600000000000000000e+01 1.826875485026650933e-10
5.700000000000000000e+01 -4.213259764744191887e-10
5.800000000000000000e+01 1.008578183111946940e-09
5.900000000000000000e+01 1.584055320062575019e-09
6.000000000000000000e+01 3.944193528553006893e-11
6.100000000000000000e+01 -1.494416073898966031e-09
6.200000000000000000e+01 -6.693306731370914585e-10
6.300000000000000000e+01 6.466651025415574003e-10
6.400000000000000000e+01 1.705496864375302911e-10
6.500000000000000000e+01 -8.625713703527763522e-10
6.600000000000000000e+01 -1.798649355236023900e-09
6.700000000000000000e+01 -1.651043580277805033e-09
6.800000000000000000e+01 -7.500311931142864828e-10
6.900000000000000000e+01 1.439552271118587010e-11
7.000000000000000000e+01 6.046034939520940147e-10
7.100000000000000000e+01 1.144390445835568955e-10
7.200000000000000000e+01 -1.050832277007482909e-12
7.300000000000000000e+01 -1.370485915312228101e-10
7.400000000000000000e+01 1.699088919312883988e-10
7.500000000000000000e+01 2.117819650664780062e-10
7.600000000000000000e+01 3.496627810923762031e-10
7.700000000000000000e+01 1.044346706535123007e-10
7.800000000000000000e+01 -3.429120287771302039e-10
7.900000000000000000e+01 -8.107618572291402801e-10
8.000000000000000000e+01 -8.792345368665625058e-11
8.100000000000000000e+01 3.022389526132773904e-10
8.200000000000000000e+01 -2.303764269713037046e-10
8.300000000000000000e+01 6.631988759632646169e-11
8.400000000000000000e+01 9.774566183174196223e-12
8.500000000000000000e+01 -3.340994170755379086e-10
8.600000000000000000e+01 -5.483461546397753629e-10
8.700000000000000000e+01 -4.989578334753170935e-10
8.800000000000000000e+01 -2.843658948596803231e-10
8.900000000000000000e+01 1.927652402313291902e-10
9.000000000000000000e+01 1.324969721238244057e-10
9.100000000000000000e+01 -3.281269923150178849e-10
9.200000000000000000e+01 -2.665607073346223032e-10
9.300000000000000000e+01 -6.631774747377223284e-10
9.400000000000000000e+01 -9.631889266804181679e-10
9.500000000000000000e+01 -1.058650499262859976e-10
9.600000000000000000e+01 -1.321032330633587077e-12
9.700000000000000000e+01 -1.408433286296575954e-10
9.800000000000000000e+01 -2.832156243615195835e-10
9.900000000000000000e+01 2.840572365028516052e-10
