0.000000000000000000e+00 1.515630625237192986e-08
1.000000000000000000e+00 -4.584296580584020082e-08
2.000000000000000000e+00 -1.226265799288463889e-07
3.000000000000000000e+00 -7.395150665045088800e-08
4.000000000000000000e+00 -2.503750337098853868e-09
5.000000000000000000e+00 1.287258569302548023e-08
6.000000000000000000e+00 2.002133374268102067e-08
7.000000000000000000e+00 4.935706652389960325e-08
8.000000000000000000e+00 4.791599211925380949e-08
9.000000000000000000e+00 4.270496018871150072e-08
1.000000000000000000e+01 5.770993164849661660e-09
1.100000000000000000e+01 -4.025429384569260043e-09
1.200000000000000000e+01 -1.492143083018542992e-09
1.300000000000000000e+01 -1.546022321653466131e-08
1.400000000000000000e+01 -5.022443786499694669e-09
1.500000000000000000e+01 -3.339166368005937948e-09
1.600000000000000000e+01 -1.260719254465894044e-08
1.700000000000000000e+01 -4.030273504994690102e-09
1.800000000000000000e+01 4.034269483931314959e-09
1.900000000000000000e+01 1.136209786097688031e-08
2.000000000000000000e+01 6.981104448805968908e-09
2.100000000000000000e+01 -1.661231526628011936e-09
2.200000000000000000e+01 1.661985433804731045e-09
2.300000000000000000e+01 4.851288072809235631e-09
2.400000000000000000e+01 -1.659177122677874030e-09
2.500000000000000000e+01 -3.829111632696877059e-09
2.600000000000000000e+01 -8.933929202244218897e-10
2.700000000000000000e+01 -2.813146319433277981e-09
2.800000000000000000e+01 -5.890575379681448855e-09
2.900000000000000000e+01 -3.800903118721867626e-09
3.000000000000000000e+01 -2.231196310631344166e-09
3.100000000000000000e+01 1.293230238225130061e-09
3.200000000000000000e+01 3.904717190598112204e-10
3.300000000000000000e+01 -2.086412734509835845e-09
3.400000000000000000e+01 1.386374492557390976e-09
3.500000000000000000e+01 3.308212483399416992e-09
3.600000000000000000e+01 2.247635123080155987e-09
3.700000000000000000e+01 2.279049443845376853e-09
3.800000000000000000e+01 2.264947221497302936e-09
3.900000000000000000e+01 5.006820665253056107e-10
4.000000000000000000e+01 -1.224052057949032970e-09
4.100000000000000000e+01 -4.078458218074520742e-10
4.200000000000000000e+01 2.036874661749548926e-09
4.300000000000000000e+01 8.250268931156978843e-10
4.400000000000000000e+01 -1.776409144351673917e-09
4.500000000000000000e+01 -2.366832583368421005e-09
4.600000000000000000e+01 -3.082784828309865061e-10
4.700000000000000000e+01 2.345425849593593919e-09
4.800000000000000000e+01 -2.958928718455298132e-10
4.900000000000000000e+01 -1.961685455375500081e-09
5.000000000000000000e+01 -1.458212382066989031e-09
5.100000000000000000e+01 -3.841524701595842886e-10
5.200000000000000000e+01 1.160492094621499023e-09
5.300000000000000000e+01 1.403700662786909070e-09
5.400000000000000000e+01 4.803443129143139314e-10
5.500000000000000000e+01 -6.571626223260052276e-10
5.600000000000000000e+01 1.847123619198512985e-10
5.700000000000000000e+01 1.640212180102377929e-09
5.800000000000000000e+01 5.745920974623461850e-10
5.900000000000000000e+01 1.583336139263383933e-10
6.000000000000000000e+01 -1.020956097223969980e-10
6.100000000000000000e+01 -1.023529806294065897e-09
6.200000000000000000e+01 -1.443491994146721054e-09
6.300000000000000000e+01 -1.303696696036196970e-09
6.400000000000000000e+01 -4.701290824893010454e-10
6.500000000000000000e+01 -2.511721625447020178e-10
6.600000000000000000e+01 1.663088701331355976e-10
6.700000000000000000e+01 7.824010812901337076e-10
6.800000000000000000e+01 8.334538623690565256e-10
6.900000000000000000e+01 -4.174490641654855396e-12
7.000000000000000000e+01 -3.458888569141107221e-10
7.100000000000000000e+01 3.791076101071083088e-10
7.200000000000000000e+01 4.519243710301417876e-10
7.300000000000000000e+01 2.541297084472629081e-10
7.400000000000000000e+01 -2.109475702423283883e-10
7.500000000000000000e+01 1.531670900700182925e-10
7.600000000000000000e+01 8.772920634932252432e-10
7.700000000000000000e+01 7.617533103916039918e-10
7.800000000000000000e+01 1.405010180333300916e-10
7.900000000000000000e+01 -6.599941354884916427e-10
8.000000000000000000e+01 -2.768374007131134875e-10
8.100000000000000000e+01 3.962088765290749223e-10
8.200000000000000000e+01 7.454328126037399740e-10
8.300000000000000000e+01 7.108052287559331785e-10
8.400000000000000000e+01 2.362520342613142748e-10
8.500000000000000000e+01 2.729428564124998082e-10
8.600000000000000000e+01 9.034648473725875454e-11
8.700000000000000000e+01 -8.432503034692146964e-11
8.800000000000000000e+01 -3.766778678510425258e-10
8.900000000000000000e+01 -3.955302461148738058e-10
9.000000000000000000e+01 -9.899120299105020488e-10
9.100000000000000000e+01 -1.373270536916276964e-09
9.200000000000000000e+01 -1.212065866333273925e-09
9.300000000000000000e+01 -3.135884229759370839e-10
9.400000000000000000e+01 -4.789669573785387565e-10
9.500000000000000000e+01 -7.308549583979486256e-10
9.600000000000000000e+01 -2.475949552696691181e-10
9.700000000000000000e+01 2.992356083841516106e-10
9.800000000000000000e+01 2.155193508690064014e-10
9.900000000000000000e+01 -1.162734196796338013e-10
