0.000000000000000000e+00 1.068749942163090079e-08
1.000000000000000000e+00 -1.826646856239952925e-08
2.000000000000000000e+00 -1.023985672857759001e-07
3.000000000000000000e+00 -1.036898219431439063e-07
4.000000000000000000e+00 5.153824302395251617e-09
5.000000000000000000e+00 2.487006022308565106e-08
6.000000000000000000e+00 2.628475953687357879e-08
7.000000000000000000e+00 3.003034917590169796e-08
8.000000000000000000e+00 -5.260072917866505359e-09
9.000000000000000000e+00 1.011137296494820017e-08
1.000000000000000000e+01 4.832274910736924926e-09
1.100000000000000000e+01 -5.935432559064580607e-09
1.200000000000000000e+01 -1.145418229930065989e-08
1.300000000000000000e+01 -7.766138772611963328e-09
1.400000000000000000e+01 1.849877607314952095e-08
1.500000000000000000e+01 1.363909352307899977e-08
1.600000000000000000e+01 -7.281396152418132359e-09
1.700000000000000000e+01 -1.683311844562593985e-08
1.800000000000000000e+01 -5.716799546094780041e-09
1.900000000000000000e+01 4.207292184980398269e-09
2.000000000000000000e+01 4.444600795496812597e-09
2.100000000000000000e+01 -9.199133793316253914e-10
2.200000000000000000e+01 -2.839845924061926949e-09
2.300000000000000000e+01 3.639990054976972013e-09
2.400000000000000000e+01 6.518074329217048804e-09
2.500000000000000000e+01 9.230854116443827686e-09
2.600000000000000000e+01 6.595392026705920359e-09
2.700000000000000000e+01 6.702969085365989394e-09
2.800000000000000000e+01 1.328659352600157015e-08
2.900000000000000000e+01 -4.463170562359423114e-09
3.000000000000000000e+01 -1.835301247143206153e-08
3.100000000000000000e+01 -7.251236318365412962e-09
3.200000000000000000e+01 6.602595265574218614e-12
3.300000000000000000e+01 3.607163374364239757e-10
3.400000000000000000e+01 2.788570761918150045e-09
3.500000000000000000e+01 7.966153915043076885e-10
3.600000000000000000e+01 -1.403643489989802063e-09
3.700000000000000000e+01 1.294676589853607053e-09
3.800000000000000000e+01 3.519636309103729085e-09
3.900000000000000000e+01 2.886871586467914207e-09
4.000000000000000000e+01 2.082648212818173046e-09
4.100000000000000000e+01 2.292624688618334058e-09
4.200000000000000000e+01 3.681470532964821065e-09
4.300000000000000000e+01 2.433162425565094070e-09
4.400000000000000000e+01 -2.238368875824551056e-09
4.500000000000000000e+01 -3.651893837361650810e-09
4.600000000000000000e+01 1.282940480342914946e-09
4.700000000000000000e+01 5.408536657685489946e-09
4.800000000000000000e+01 3.302137886464528984e-09
4.900000000000000000e+01 2.834261486943429820e-09
5.000000000000000000e+01 2.009676196720094931e-09
5.100000000000000000e+01 1.359961765959051018e-09
5.200000000000000000e+01 3.213472174904102821e-10
5.300000000000000000e+01 -1.834235430410443067e-09
5.400000000000000000e+01 -3.729116442246877216e-09
5.500000000000000000e+01 -2.378447603840149858e-09
5.600000000000000000e+01 1.034094690534501053e-09
5.700000000000000000e+01 1.948133784578744810e-09
5.800000000000000000e+01 1.448016136351111000e-09
5.900000000000000000e+01 2.188472407193093880e-09
6.000000000000000000e+01 6.180702318145768119e-10
6.100000000000000000e+01 -1.611559713664169938e-09
6.200000000000000000e+01 -2.012397220444890068e-10
6.300000000000000000e+01 -6.240663544883064794e-10
6.400000000000000000e+01 -1.657628829013813097e-09
6.500000000000000000e+01 6.437977726964965923e-10
6.600000000000000000e+01 1.911718410419588856e-09
6.700000000000000000e+01 3.740188785408286787e-10
6.800000000000000000e+01 4.957905495326929939e-11
6.900000000000000000e+01 5.782049522259422581e-10
7.000000000000000000e+01 2.063667743249228965e-10
7.100000000000000000e+01 1.332758253921747985e-09
7.200000000000000000e+01 2.680702626730289029e-09
7.300000000000000000e+01 1.706037297413639905e-09
7.400000000000000000e+01 2.267051719228888950e-10
7.500000000000000000e+01 -4.751256443537731257e-11
7.600000000000000000e+01 1.577716478566052001e-10
7.700000000000000000e+01 -2.367980485292643902e-10
7.800000000000000000e+01 6.282288060402373807e-10
7.900000000000000000e+01 1.296542933160036916e-09
8.000000000000000000e+01 2.935524556917150133e-10
8.100000000000000000e+01 -3.919247498146824793e-10
8.200000000000000000e+01 -1.727001179663544923e-09
8.300000000000000000e+01 -2.010098041206443205e-09
8.400000000000000000e+01 -5.430417639043189620e-10
8.500000000000000000e+01 -5.096463115508956856e-11
8.600000000000000000e+01 6.914328918828840459e-10
8.700000000000000000e+01 1.306664859261711993e-09
8.800000000000000000e+01 -6.502675403914751889e-11
8.900000000000000000e+01 -1.369886247728510914e-09
9.000000000000000000e+01 -1.998290043449345952e-09
9.100000000000000000e+01 -1.365783162692279982e-09
9.200000000000000000e+01 -6.112390617136308882e-12
9.300000000000000000e+01 -1.804901165752094080e-11
9.400000000000000000e+01 -9.513706898031915704e-10
9.500000000000000000e+01 -1.409247699972093986e-09
9.600000000000000000e+01 -1.133153196014208037e-09
9.700000000000000000e+01 -2.772710841179840228e-10
9.800000000000000000e+01 -9.672378585031950114e-10
9.900000000000000000e+01 -1.399230890257505016e-09
