0.000000000000000000e+00 1.806658327194833022e-08
1.000000000000000000e+00 -3.878314540173774827e-08
2.000000000000000000e+00 -1.071663096574125029e-07
3.000000000000000000e+00 -6.176132521567890813e-08
4.000000000000000000e+00 -1.359090468307629012e-08
5.000000000000000000e+00 -1.767487813162226147e-08
6.000000000000000000e+00 -1.643014570729075074e-08
7.000000000000000000e+00 1.384744732182003045e-08
8.000000000000000000e+00 3.033690233050148692e-08
9.000000000000000000e+00 6.199420909950041395e-08
1.000000000000000000e+01 4.963826311850596294e-08
1.100000000000000000e+01 1.284053002967212964e-08
1.200000000000000000e+01 -1.027258610129102957e-08
1.300000000000000000e+01 -2.275335047994467142e-08
1.400000000000000000e+01 -9.749635012160806435e-09
1.500000000000000000e+01 -1.221319021443284022e-09
1.600000000000000000e+01 -4.074377952000837730e-09
1.700000000000000000e+01 7.875734544117962979e-10
1.800000000000000000e+01 -9.496510502016083658e-10
1.900000000000000000e+01 5.158297676384793761e-09
2.000000000000000000e+01 4.308024694991293206e-09
2.100000000000000000e+01 -2.954406394984038004e-09
2.200000000000000000e+01 -5.651046199520023766e-10
2.300000000000000000e+01 5.636497718341480851e-09
2.400000000000000000e+01 -1.741779400474095075e-10
2.500000000000000000e+01 -1.157762188388303899e-09
2.600000000000000000e+01 7.677730820807271254e-10
2.700000000000000000e+01 -4.331531115580986368e-09
2.800000000000000000e+01 -3.894178253603281207e-09
2.900000000000000000e+01 -9.141022847262596946e-10
3.000000000000000000e+01 -2.554690953898610058e-09
3.100000000000000000e+01 -1.554142563834857917e-09
3.200000000000000000e+01 -3.092778120760090108e-09
3.300000000000000000e+01 -1.431702872914771990e-09
3.400000000000000000e+01 3.645193757061737937e-09
3.500000000000000000e+01 5.424646553499336725e-09
3.600000000000000000e+01 3.886136891872157864e-09
3.700000000000000000e+01 3.304703473369295980e-09
3.800000000000000000e+01 2.869399016543666978e-09
3.900000000000000000e+01 -2.566395888810044794e-10
4.000000000000000000e+01 -1.081060234974052068e-09
4.100000000000000000e+01 -1.295152720199254045e-10
4.200000000000000000e+01 1.903310006719144809e-09
4.300000000000000000e+01 1.807802976899883961e-09
4.400000000000000000e+01 -9.740311020247529908e-10
4.500000000000000000e+01 -1.455652269667916983e-09
4.600000000000000000e+01 7.352242580161854795e-10
4.700000000000000000e+01 2.108415211756977951e-09
4.800000000000000000e+01 9.499812310559220673e-10
4.900000000000000000e+01 -2.911172421077515156e-10
5.000000000000000000e+01 -1.744188661028837091e-09
5.100000000000000000e+01 -1.657674285011785965e-09
5.200000000000000000e+01 -7.408200872849427175e-10
5.300000000000000000e+01 3.086000767634643032e-10
5.400000000000000000e+01 7.551095299915782325e-10
5.500000000000000000e+01 6.830326557018629631e-10
5.600000000000000000e+01 2.302665607866345985e-10
5.700000000000000000e+01 2.208930366778554034e-10
5.800000000000000000e+01 8.927060533462886445e-10
5.900000000000000000e+01 1.204346951145687068e-09
6.000000000000000000e+01 1.994411703598591854e-12
6.100000000000000000e+01 -1.380999421688539076e-09
6.200000000000000000e+01 -8.775320917258860568e-10
6.300000000000000000e+01 6.720804321966342842e-11
6.400000000000000000e+01 -6.219132496173880243e-11
6.500000000000000000e+01 -6.514949532990743368e-10
6.600000000000000000e+01 -1.140688523859298975e-09
6.700000000000000000e+01 -9.099629264422012171e-10
6.800000000000000000e+01 -2.825177773338391093e-10
6.900000000000000000e+01 2.317594163437384984e-11
7.000000000000000000e+01 3.248347672633741745e-10
7.100000000000000000e+01 2.256845609870729045e-10
7.200000000000000000e+01 1.977785161561425001e-10
7.300000000000000000e+01 1.780644181422145014e-11
7.400000000000000000e+01 6.882389433429098266e-11
7.500000000000000000e+01 1.936521361950022106e-10
7.600000000000000000e+01 5.005689830988945063e-10
7.700000000000000000e+01 2.874451950753988814e-10
7.800000000000000000e+01 -1.724227583094390001e-10
7.900000000000000000e+01 -7.023344861156955400e-10
8.000000000000000000e+01 -1.240447238230921026e-10
8.100000000000000000e+01 3.111700207324891201e-10
8.200000000000000000e+01 -4.000463862026115082e-12
8.300000000000000000e+01 1.783052003208267028e-10
8.400000000000000000e+01 5.348253057749163303e-11
8.500000000000000000e+01 -1.565868252230025890e-10
8.600000000000000000e+01 -3.361101764656676214e-10
8.700000000000000000e+01 -3.272646213345414256e-10
8.800000000000000000e+01 -3.002203084942465891e-10
8.900000000000000000e+01 -2.113782274135772931e-11
9.000000000000000000e+01 -2.470171188125004257e-10
9.100000000000000000e+01 -6.500634980198925743e-10
9.200000000000000000e+01 -5.198618666011394285e-10
9.300000000000000000e+01 -5.516028490637417854e-10
9.400000000000000000e+01 -8.291934203834913152e-10
9.500000000000000000e+01 -3.134647626207317040e-10
9.600000000000000000e+01 -1.041826512726218062e-10
9.700000000000000000e+01 -2.456421431494082062e-11
9.800000000000000000e+01 -1.697725377107909073e-10
9.900000000000000000e+01 1.140517237303565005e-10
1.000000000000000000e+02 6.615217394618543913e-10
