0.000000000000000000e+00 1.848992427033582993e-09
1.000000000000000000e+00 -7.217770478866678657e-09
2.000000000000000000e+00 -1.102940938221946041e-08
3.000000000000000000e+00 6.149395384447182272e-10
4.000000000000000000e+00 6.863852504139956664e-09
5.000000000000000000e+00 9.354952231713110125e-09
6.000000000000000000e+00 -1.533979316511485068e-09
7.000000000000000000e+00 -8.408578457352813277e-09
8.000000000000000000e+00 -5.510902090710432412e-09
9.000000000000000000e+00 -2.026851784325143070e-10
1.000000000000000000e+01 -1.192364712335785064e-09
1.100000000000000000e+01 2.484400825926707064e-09
1.200000000000000000e+01 7.324448577345586674e-09
1.300000000000000000e+01 5.418775780537660363e-09
1.400000000000000000e+01 5.344981861236571216e-09
1.500000000000000000e+01 3.169989207955772966e-09
1.600000000000000000e+01 1.744447161257895081e-09
1.700000000000000000e+01 7.180906433548936103e-10
1.800000000000000000e+01 -2.903149540796746019e-09
1.900000000000000000e+01 -2.072655578030848072e-09
2.000000000000000000e+01 4.368885308089260751e-10
2.100000000000000000e+01 1.367891400521004000e-09
2.200000000000000000e+01 1.002333623004370016e-09
2.300000000000000000e+01 1.378120703420624901e-09
2.400000000000000000e+01 5.604436477073132213e-10
2.500000000000000000e+01 1.763644186930862115e-10
2.600000000000000000e+01 3.650274581194999895e-10
2.700000000000000000e+01 1.079003291923242974e-09
2.800000000000000000e+01 7.372382210274924905e-10
2.900000000000000000e+01 5.102741645284617429e-10
3.000000000000000000e+01 -3.438889282683796183e-10
3.100000000000000000e+01 -1.075832795037934025e-09
3.200000000000000000e+01 5.545661753433717709e-10
3.300000000000000000e+01 1.093014483169566925e-09
3.400000000000000000e+01 6.223739762449989677e-10
3.500000000000000000e+01 9.196306061375796609e-11
3.600000000000000000e+01 6.410339821839518820e-10
3.700000000000000000e+01 4.784595652893558908e-10
3.800000000000000000e+01 -2.498162079629426752e-10
3.900000000000000000e+01 1.662846444291260883e-10
4.000000000000000000e+01 1.998409299635172883e-10
4.100000000000000000e+01 2.406853674038678764e-10
4.200000000000000000e+01 1.668513181557285077e-10
4.300000000000000000e+01 -1.860501659037675899e-10
4.400000000000000000e+01 -4.722086105286030262e-10
4.500000000000000000e+01 -3.884726658070014745e-10
4.600000000000000000e+01 -1.111508583465602065e-10
4.700000000000000000e+01 2.199213795114179098e-10
4.800000000000000000e+01 2.795855502551062142e-10
4.900000000000000000e+01 3.009348790659112961e-10
5.000000000000000000e+01 5.778885756625284687e-10
5.100000000000000000e+01 2.512137227480983921e-10
5.200000000000000000e+01 -7.974472805125266943e-11
5.300000000000000000e+01 9.480249377824758947e-11
5.400000000000000000e+01 3.639961588933706765e-10
5.500000000000000000e+01 7.319619980766294447e-10
5.600000000000000000e+01 6.051041190818495371e-10
5.700000000000000000e+01 6.666093768976727255e-10
5.800000000000000000e+01 1.031184434043464012e-09
5.900000000000000000e+01 8.256731146072455708e-10
6.000000000000000000e+01 1.020852259728697976e-10
6.100000000000000000e+01 -8.279406022860471317e-10
6.200000000000000000e+01 -8.361518488773781034e-10
6.300000000000000000e+01 -9.919308282405220012e-12
6.400000000000000000e+01 4.742051595219009870e-10
6.500000000000000000e+01 2.152660785728360042e-11
6.600000000000000000e+01 -2.674776491544428114e-10
6.700000000000000000e+01 -2.011503260698042909e-10
6.800000000000000000e+01 -1.207958842963997914e-10
6.900000000000000000e+01 3.789779689704971850e-10
7.000000000000000000e+01 4.188748960788619060e-10
7.100000000000000000e+01 4.320665917806613098e-10
7.200000000000000000e+01 6.038526311065246433e-10
7.300000000000000000e+01 1.923767630830632908e-10
7.400000000000000000e+01 -8.205707611940745464e-11
7.500000000000000000e+01 4.586272768098849266e-11
7.600000000000000000e+01 2.282809812944923020e-10
7.700000000000000000e+01 3.308454743884205038e-10
7.800000000000000000e+01 4.009859934924835200e-10
7.900000000000000000e+01 3.103326976266829943e-10
8.000000000000000000e+01 8.593695841676293595e-11
8.100000000000000000e+01 7.623837438099253187e-11
8.200000000000000000e+01 1.824431071767214082e-10
8.300000000000000000e+01 7.723115334187493085e-12
8.400000000000000000e+01 2.517399727076802186e-10
8.500000000000000000e+01 5.182934459699953286e-10
8.600000000000000000e+01 3.658101912489898059e-10
8.700000000000000000e+01 4.293111576077108851e-10
8.800000000000000000e+01 3.168203454926948127e-10
8.900000000000000000e+01 -5.324766421939178990e-12
9.000000000000000000e+01 6.550691629437320285e-11
9.100000000000000000e+01 1.634194482576785037e-10
9.200000000000000000e+01 1.309153951710847932e-10
9.300000000000000000e+01 -2.708379321529883859e-11
9.400000000000000000e+01 -3.349468871223943838e-10
9.500000000000000000e+01 -1.514287488593764096e-10
9.600000000000000000e+01 -2.654072797677588046e-10
9.700000000000000000e+01 -4.067007303307488884e-10
9.800000000000000000e+01 -2.138075522230949976e-10
9.900000000000000000e+01 -1.155495635936565049e-10
1.000000000000000000e+02 3.399101624555168818e-11
1.010000000000000000e+02 1.609344001507409881e-10
1.020000000000000000e+02 1.802748311825095102e-11
1.030000000000000000e+02 -1.304784868456428087e-10
1.040000000000000000e+02 -6.119890217666322728e-12
1.050000000000000000e+02 2.690831950897064763e-10
1.060000000000000000e+02 3.661878124733185962e-10
1.070000000000000000e+02 2.525263667745376899e-10
1.080000000000000000e+02 5.110585992984654214e-12
1.090000000000000000e+02 -9.240384133562201259e-12
1.100000000000000000e+02 1.032315170004245038e-10
1.110000000000000000e+02 -7.008082799900678068e-11
1.120000000000000000e+02 -2.113282249426083981e-11
1.130000000000000000e+02 2.625940854714310858e-10
1.140000000000000000e+02 2.055463186978756982e-10
1.150000000000000000e+02 -6.894800281983875311e-11
1.160000000000000000e+02 -2.620384316085123024e-10
1.170000000000000000e+02 -1.438410347472968923e-10
1.180000000000000000e+02 7.700363135597732009e-11
1.190000000000000000e+02 1.875110652310514957e-10
1.200000000000000000e+02 6.763337463809348278e-11
1.210000000000000000e+02 4.509414853427403320e-12
1.220000000000000000e+02 2.573128734811568086e-10
1.230000000000000000e+02 1.609079446857664021e-10
1.240000000000000000e+02 -9.324138833733246669e-11
1.250000000000000000e+02 5.317131922175593700e-11
1.260000000000000000e+02 6.947080564923461078e-11
1.270000000000000000e+02 1.135445339393882951e-11
1.280000000000000000e+02 -1.227214515809750931e-10
1.290000000000000000e+02 -3.182284757557691032e-10
1.300000000000000000e+02 -1.382352245020817924e-10
1.310000000000000000e+02 1.366062384359838111e-10
1.320000000000000000e+02 1.810566435171400069e-10
1.330000000000000000e+02 1.541150495578497892e-10
1.340000000000000000e+02 5.809719127461302153e-11
1.350000000000000000e+02 -4.637727578483722691e-11
1.360000000000000000e+02 -1.634418976552984876e-10
1.370000000000000000e+02 -2.423068228564388911e-11
1.380000000000000000e+02 8.061116700069338577e-11
1.390000000000000000e+02 1.779219703788680085e-10
1.400000000000000000e+02 8.530473766997515016e-11
1.410000000000000000e+02 -5.660433684937674981e-11
1.420000000000000000e+02 -8.311478128002466271e-11
1.430000000000000000e+02 -5.324355324812687163e-11
1.440000000000000000e+02 4.513504902541024873e-11
1.450000000000000000e+02 1.112024002297905969e-10
1.460000000000000000e+02 1.918897483200249918e-10
1.470000000000000000e+02 6.937331312042990544e-11
1.480000000000000000e+02 1.301207178882530948e-11
1.490000000000000000e+02 6.171014338994744019e-11
1.500000000000000000e+02 -6.973670262505005271e-11
1.510000000000000000e+02 -1.987903679249497981e-10
1.520000000000000000e+02 -1.072143558185980037e-10
1.530000000000000000e+02 8.601126691311574987e-11
1.540000000000000000e+02 7.976828834233590206e-11
1.550000000000000000e+02 -1.287722629546293043e-10
1.560000000000000000e+02 -2.316813126794483035e-10
1.570000000000000000e+02 -9.823928345288660163e-11
1.580000000000000000e+02 -1.186212156123034040e-11
1.590000000000000000e+02 1.872455831533693887e-11
1.600000000000000000e+02 -4.864300120471044635e-12
1.610000000000000000e+02 -1.556820074804168087e-12
1.620000000000000000e+02 2.888755303648442748e-10
1.630000000000000000e+02 1.572878992778579965e-10
1.640000000000000000e+02 5.568386898322955863e-11
1.650000000000000000e+02 1.868717436916789880e-11
1.660000000000000000e+02 -7.966896621883353150e-11
1.670000000000000000e+02 -7.073475332948345542e-11
1.680000000000000000e+02 -2.001443978010485989e-10
1.690000000000000000e+02 -3.247521241278437118e-10
1.700000000000000000e+02 -1.793955728838271028e-10
1.710000000000000000e+02 1.804615317515084900e-11
1.720000000000000000e+02 3.627573378069148075e-11
1.730000000000000000e+02 -3.734402451575950684e-11
1.740000000000000000e+02 4.475883799274785918e-11
1.750000000000000000e+02 2.906899634652743131e-11
1.760000000000000000e+02 3.182135213999311139e-11
1.770000000000000000e+02 -1.128879185699385936e-10
1.780000000000000000e+02 -1.483747059586449919e-10
1.790000000000000000e+02 -4.779428794855930899e-11
1.800000000000000000e+02 1.161357673746367992e-10
1.810000000000000000e+02 9.130660626956791047e-11
1.820000000000000000e+02 -3.944193461984938824e-11
1.830000000000000000e+02 1.430801984393949905e-10
1.840000000000000000e+02 2.854828603568029120e-10
1.850000000000000000e+02 1.101172492632273001e-10
1.860000000000000000e+02 -1.064407099272307978e-11
1.870000000000000000e+02 1.717415028357485953e-10
1.880000000000000000e+02 2.426662651328428893e-10
1.890000000000000000e+02 5.113586975667610783e-12
1.900000000000000000e+02 -1.174039392482408040e-11
1.910000000000000000e+02 8.875096764589648470e-11
1.920000000000000000e+02 5.139839676815961149e-11
1.930000000000000000e+02 1.007039903722054017e-10
1.940000000000000000e+02 -1.781392505890118049e-12
1.950000000000000000e+02 2.744876045506210919e-11
1.960000000000000000e+02 7.956859029896627637e-11
1.970000000000000000e+02 -1.054367024954934064e-11
1.980000000000000000e+02 -2.435668562107917923e-11
1.990000000000000000e+02 -1.095343546278211943e-10
2.000000000000000000e+02 -2.505331810819915971e-10
