0.000000000000000000e+00 -4.409369705011306188e-09
1.000000000000000000e+00 -6.458029252355186742e-09
2.000000000000000000e+00 6.261508367251325352e-09
3.000000000000000000e+00 3.098677342582041175e-08
4.000000000000000000e+00 4.715321057502599760e-08
5.000000000000000000e+00 4.529530030850037040e-08
6.000000000000000000e+00 3.014116815820052123e-08
7.000000000000000000e+00 1.266621098496448043e-08
8.000000000000000000e+00 4.653787707088573068e-09
9.000000000000000000e+00 4.047919638062614240e-09
1.000000000000000000e+01 -4.668367356234291183e-10
1.100000000000000000e+01 -4.153003500397874194e-09
1.200000000000000000e+01 3.172171372135472133e-09
1.300000000000000000e+01 9.339965642079503495e-09
1.400000000000000000e+01 1.465592002349644083e-09
1.500000000000000000e+01 -6.832523237439429591e-09
1.600000000000000000e+01 -3.496430684226108992e-09
1.700000000000000000e+01 7.293944351085593990e-10
1.800000000000000000e+01 -3.616156161156551946e-10
1.900000000000000000e+01 1.096465288339993006e-09
2.000000000000000000e+01 4.404969835489417259e-09
2.100000000000000000e+01 2.857834132131844035e-09
2.200000000000000000e+01 -9.080245723152057916e-11
2.300000000000000000e+01 -1.129972813371090042e-10
2.400000000000000000e+01 4.741292372837790312e-11
2.500000000000000000e+01 2.167514049392030049e-10
2.600000000000000000e+01 2.034126518996873204e-09
2.700000000000000000e+01 2.875766084686954034e-09
2.800000000000000000e+01 2.432829034298172929e-09
2.900000000000000000e+01 3.331073249369283838e-09
3.000000000000000000e+01 3.466185729476252195e-09
3.100000000000000000e+01 1.089392983988641068e-09
3.200000000000000000e+01 -1.637794684599628062e-10
3.300000000000000000e+01 1.110954068739875003e-10
3.400000000000000000e+01 -1.120373035165933987e-09
3.500000000000000000e+01 -1.638064645802072930e-09
3.600000000000000000e+01 7.503395792120213446e-10
3.700000000000000000e+01 1.855485394796001990e-09
3.800000000000000000e+01 1.766870693677708017e-10
3.900000000000000000e+01 -1.605747673324246949e-10
4.000000000000000000e+01 1.060828069419763025e-09
4.100000000000000000e+01 8.816704440942436747e-10
4.200000000000000000e+01 4.272643193024166101e-10
4.300000000000000000e+01 1.379886890772066064e-09
4.400000000000000000e+01 1.988561003326931089e-09
4.500000000000000000e+01 1.315268441942932929e-09
4.600000000000000000e+01 3.447581389455626223e-10
4.700000000000000000e+01 -6.338439253266343560e-10
4.800000000000000000e+01 -1.171699304449396017e-09
4.900000000000000000e+01 -7.818087396143620741e-10
5.000000000000000000e+01 -4.917373738503591458e-10
5.100000000000000000e+01 -5.374966356745884930e-10
5.200000000000000000e+01 2.126680675690730966e-10
5.300000000000000000e+01 8.439641602346645967e-10
5.400000000000000000e+01 -1.004896865381259985e-10
5.500000000000000000e+01 -9.162393269328930212e-10
5.600000000000000000e+01 -4.716681565566300678e-11
5.700000000000000000e+01 5.629763359934616627e-10
5.800000000000000000e+01 -5.493913319095368614e-10
5.900000000000000000e+01 -1.645031956712681985e-09
6.000000000000000000e+01 -1.228036566555228935e-09
6.100000000000000000e+01 -3.726321243489153241e-10
6.200000000000000000e+01 -5.727523892812071471e-10
6.300000000000000000e+01 -1.335253495220941051e-09
6.400000000000000000e+01 -1.061613614154389071e-09
6.500000000000000000e+01 1.405189239033897957e-12
6.600000000000000000e+01 1.223269555283007046e-11
6.700000000000000000e+01 -8.185896620109157720e-10
6.800000000000000000e+01 -6.023187520381708156e-10
6.900000000000000000e+01 3.119113154875840178e-10
7.000000000000000000e+01 3.472138130614111097e-10
7.100000000000000000e+01 -2.170945142954056015e-11
7.200000000000000000e+01 -1.052678078656530020e-11
7.300000000000000000e+01 -1.989579452056098033e-10
7.400000000000000000e+01 -3.460555891888353026e-10
7.500000000000000000e+01 1.826457377978769109e-10
7.600000000000000000e+01 3.389590190931384892e-10
7.700000000000000000e+01 -3.463596936139327047e-10
7.800000000000000000e+01 -3.946234927573098063e-10
7.900000000000000000e+01 4.309766836473074214e-10
8.000000000000000000e+01 7.817997719395804809e-10
8.100000000000000000e+01 5.935530550504689202e-10
8.200000000000000000e+01 4.775846548373959103e-10
8.300000000000000000e+01 2.798472718780225999e-10
8.400000000000000000e+01 2.761425051168842209e-10
8.500000000000000000e+01 7.370999700863658647e-10
8.600000000000000000e+01 7.165644412025783187e-10
8.700000000000000000e+01 1.440847396906279056e-11
8.800000000000000000e+01 -1.804775930380000892e-10
8.900000000000000000e+01 1.102162259941167047e-10
9.000000000000000000e+01 -7.572310068612840845e-11
9.100000000000000000e+01 -3.944720250643962256e-10
9.200000000000000000e+01 -2.975156844443892780e-10
9.300000000000000000e+01 -2.408141069163586945e-10
9.400000000000000000e+01 -2.629169800580043828e-10
9.500000000000000000e+01 -1.888713968543989139e-11
9.600000000000000000e+01 1.418938673040575087e-10
9.700000000000000000e+01 1.497307439447983079e-10
9.800000000000000000e+01 4.169506271688837842e-10
9.900000000000000000e+01 5.334342085043538744e-10
