0.000000000000000000e+00 2.799962532489956970e-09
1.000000000000000000e+00 -5.160310844354275806e-09
2.000000000000000000e+00 2.356306848589680974e-09
3.000000000000000000e+00 1.932744432655065070e-08
4.000000000000000000e+00 2.150039988470449150e-08
5.000000000000000000e+00 1.274542624410447072e-08
6.000000000000000000e+00 9.195885960183777167e-09
7.000000000000000000e+00 8.307387873938934418e-09
8.000000000000000000e+00 4.436238670024620665e-09
9.000000000000000000e+00 9.554292118366456462e-10
1.000000000000000000e+01 -1.225232584403862052e-09
1.100000000000000000e+01 -1.235021625549294913e-09
1.200000000000000000e+01 3.513162297194077014e-09
1.300000000000000000e+01 6.038804584188765285e-09
1.400000000000000000e+01 4.962863098282168709e-10
1.500000000000000000e+01 -2.969147875801300172e-09
1.600000000000000000e+01 1.558941168192170959e-09
1.700000000000000000e+01 3.274734648220410822e-09
1.800000000000000000e+01 -1.243075381708008963e-09
1.900000000000000000e+01 -2.415072088330132881e-09
2.000000000000000000e+01 6.132119645862966154e-13
2.100000000000000000e+01 -7.898770007869373877e-10
2.200000000000000000e+01 -2.535765215740038073e-09
2.300000000000000000e+01 -1.915033528621311977e-09
2.400000000000000000e+01 -1.877712268264875033e-09
2.500000000000000000e+01 -1.885617037163471944e-09
2.600000000000000000e+01 6.892880937709865205e-10
2.700000000000000000e+01 2.376919932243820052e-09
2.800000000000000000e+01 9.409713903359053257e-10
2.900000000000000000e+01 1.816952948509529118e-11
3.000000000000000000e+01 5.211437562777830111e-10
3.100000000000000000e+01 4.210508845595777865e-10
3.200000000000000000e+01 6.055353567869138656e-10
3.300000000000000000e+01 1.218919468212058083e-09
3.400000000000000000e+01 3.121395832139285964e-10
3.500000000000000000e+01 -6.215006056573872964e-10
3.600000000000000000e+01 5.854858319784480517e-10
3.700000000000000000e+01 1.750361784874188034e-09
3.800000000000000000e+01 1.219483081306679099e-09
3.900000000000000000e+01 5.760041331306477003e-10
4.000000000000000000e+01 2.312158283422530090e-10
4.100000000000000000e+01 -2.495619003182840040e-10
4.200000000000000000e+01 -4.186419652159097836e-11
4.300000000000000000e+01 2.814397641507504151e-10
4.400000000000000000e+01 -5.106748724048349361e-10
4.500000000000000000e+01 -1.046385859101558921e-09
4.600000000000000000e+01 -3.374390700457470876e-10
4.700000000000000000e+01 8.939928437619245923e-11
4.800000000000000000e+01 9.876139168145843200e-12
4.900000000000000000e+01 4.691971121998996004e-10
5.000000000000000000e+01 6.783542835156194282e-10
5.100000000000000000e+01 1.829146656435404061e-10
5.200000000000000000e+01 2.358044284822520870e-10
5.300000000000000000e+01 5.448813119511965679e-10
5.400000000000000000e+01 -4.284025254910238908e-11
5.500000000000000000e+01 -5.399515326091546856e-10
5.600000000000000000e+01 -8.904588897237723783e-11
5.700000000000000000e+01 2.214104821188300993e-10
5.800000000000000000e+01 6.580417421386480793e-11
5.900000000000000000e+01 1.554032270949266100e-10
6.000000000000000000e+01 2.467411807232966039e-10
6.100000000000000000e+01 8.217198359568862506e-11
6.200000000000000000e+01 5.445306717020365856e-11
6.300000000000000000e+01 -1.557859111318429001e-11
6.400000000000000000e+01 -1.833966385981875951e-10
6.500000000000000000e+01 1.361511895169562927e-10
6.600000000000000000e+01 5.243754024997245957e-10
6.700000000000000000e+01 1.705515915719123032e-10
6.800000000000000000e+01 -2.930865829599374889e-10
6.900000000000000000e+01 -2.400675814894010966e-10
7.000000000000000000e+01 -1.921504437983469905e-10
7.100000000000000000e+01 -1.934656515146995994e-10
7.200000000000000000e+01 8.106931310886672205e-11
7.300000000000000000e+01 1.522423395715174079e-10
7.400000000000000000e+01 -2.818674641216823149e-11
7.500000000000000000e+01 1.927218603327924112e-10
7.600000000000000000e+01 4.604738385040301176e-10
7.700000000000000000e+01 2.054142435580156970e-10
7.800000000000000000e+01 8.410732284197950648e-11
7.900000000000000000e+01 3.575659343419567023e-10
8.000000000000000000e+01 2.058738395581579110e-10
8.100000000000000000e+01 -3.094698182698202188e-10
8.200000000000000000e+01 -3.143756085939012062e-10
8.300000000000000000e+01 1.413251085803388912e-10
8.400000000000000000e+01 4.530113331020909238e-10
8.500000000000000000e+01 4.600536449981234191e-10
8.600000000000000000e+01 2.526376460820970208e-10
8.700000000000000000e+01 3.986416002478531277e-11
8.800000000000000000e+01 -5.532957121258823729e-11
8.900000000000000000e+01 -2.678481121255244061e-10
9.000000000000000000e+01 -4.805986179901721026e-10
9.100000000000000000e+01 -2.037664564589578095e-10
9.200000000000000000e+01 2.154053310152277056e-10
9.300000000000000000e+01 1.307663715737433911e-10
9.400000000000000000e+01 -3.470097074907625266e-11
9.500000000000000000e+01 1.745598603835743898e-10
9.600000000000000000e+01 2.688986997197373751e-10
9.700000000000000000e+01 1.022938259377435064e-10
9.800000000000000000e+01 1.188356230897639988e-10
9.900000000000000000e+01 2.036985430312596956e-10
