0.000000000000000000e+00 4.246031678619791355e-09
1.000000000000000000e+00 2.810210237100048900e-09
2.000000000000000000e+00 -2.366033709301633051e-09
3.000000000000000000e+00 -1.748444637487553995e-08
4.000000000000000000e+00 -3.498079781922985723e-08
5.000000000000000000e+00 -3.552914425730237745e-08
6.000000000000000000e+00 -2.101369588492992012e-08
7.000000000000000000e+00 -1.051331370884710063e-08
8.000000000000000000e+00 -4.345744064727815125e-09
9.000000000000000000e+00 5.786642903750365222e-09
1.000000000000000000e+01 8.717021374650135044e-09
1.100000000000000000e+01 -2.052018568279206816e-09
1.200000000000000000e+01 -7.196091184544279647e-09
1.300000000000000000e+01 2.440735787757464196e-09
1.400000000000000000e+01 8.227652935350266075e-09
1.500000000000000000e+01 1.439303450953046944e-09
1.600000000000000000e+01 -3.562441140540508004e-09
1.700000000000000000e+01 -3.628490278913957097e-10
1.800000000000000000e+01 2.455171948920023182e-09
1.900000000000000000e+01 1.939534205135381174e-09
2.000000000000000000e+01 1.714125657296737007e-09
2.100000000000000000e+01 1.573516306518004990e-09
2.200000000000000000e+01 8.553642786960139440e-10
2.300000000000000000e+01 1.294240845879082070e-09
2.400000000000000000e+01 1.944659879031510124e-09
2.500000000000000000e+01 5.084851935619672543e-10
2.600000000000000000e+01 -1.736762457595898094e-09
2.700000000000000000e+01 -2.084133059926418874e-09
2.800000000000000000e+01 -3.705725008105198138e-10
2.900000000000000000e+01 1.273807630683086947e-09
3.000000000000000000e+01 9.277172830650098738e-10
3.100000000000000000e+01 -6.983250802299359546e-10
3.200000000000000000e+01 -1.195090040340228927e-09
3.300000000000000000e+01 -3.095099002375729085e-10
3.400000000000000000e+01 7.878131469113636994e-11
3.500000000000000000e+01 -6.251006473591143726e-10
3.600000000000000000e+01 -1.626293981758736036e-09
3.700000000000000000e+01 -2.254334935954432187e-09
3.800000000000000000e+01 -1.787621292708766939e-09
3.900000000000000000e+01 -3.681281156815249928e-10
4.000000000000000000e+01 4.528170110099407011e-10
4.100000000000000000e+01 1.818601320467683052e-10
4.200000000000000000e+01 -1.962749442602179882e-10
4.300000000000000000e+01 -5.321376363107988876e-10
4.400000000000000000e+01 -7.753607132850262665e-10
4.500000000000000000e+01 -2.877195172918636046e-11
4.600000000000000000e+01 9.828888476054167131e-10
4.700000000000000000e+01 5.781499970098520118e-10
4.800000000000000000e+01 -2.543751068159912987e-10
4.900000000000000000e+01 1.795402644066731943e-10
5.000000000000000000e+01 8.219931409594749164e-10
5.100000000000000000e+01 6.075464853378483681e-10
5.200000000000000000e+01 4.946156194246438995e-10
5.300000000000000000e+01 5.679276953977178390e-10
5.400000000000000000e+01 7.424637395924560235e-11
5.500000000000000000e+01 -1.182717174561243970e-10
5.600000000000000000e+01 5.430444268528309942e-10
5.700000000000000000e+01 6.576681745779182731e-10
5.800000000000000000e+01 -1.405229119280288993e-10
5.900000000000000000e+01 -4.922548098501318859e-10
6.000000000000000000e+01 -2.366986009343789164e-10
6.100000000000000000e+01 -2.431630347552301136e-10
6.200000000000000000e+01 -3.765576658386847102e-10
6.300000000000000000e+01 -2.386876941381029782e-10
6.400000000000000000e+01 -1.169117935709191099e-10
6.500000000000000000e+01 -1.581672789007588973e-10
6.600000000000000000e+01 -1.859194327776606934e-10
6.700000000000000000e+01 -9.959233696806802409e-11
6.800000000000000000e+01 2.057188048125694971e-10
6.900000000000000000e+01 5.456964657464906510e-10
7.000000000000000000e+01 4.890993271921258050e-10
7.100000000000000000e+01 2.239706042359250062e-10
7.200000000000000000e+01 2.858012646738047226e-10
7.300000000000000000e+01 5.653395816239705312e-10
7.400000000000000000e+01 6.480229216856248079e-10
7.500000000000000000e+01 3.951838680119514764e-10
7.600000000000000000e+01 -1.542744681243972059e-10
7.700000000000000000e+01 -5.655200170958352645e-10
7.800000000000000000e+01 -3.435000167113157819e-10
7.900000000000000000e+01 8.765375436593473610e-11
8.000000000000000000e+01 1.070902742356494022e-10
8.100000000000000000e+01 3.157342991407832952e-11
8.200000000000000000e+01 7.835514674438677775e-11
8.300000000000000000e+01 -1.527808800494101915e-10
8.400000000000000000e+01 -3.627032900323866780e-10
8.500000000000000000e+01 -4.089775092971992046e-11
8.600000000000000000e+01 1.572468208637879036e-10
8.700000000000000000e+01 -1.809805650484965020e-10
8.800000000000000000e+01 -2.040194383611859933e-10
8.900000000000000000e+01 2.413233403064736117e-10
9.000000000000000000e+01 2.787390472442258878e-10
9.100000000000000000e+01 8.130550719597122547e-13
9.200000000000000000e+01 4.947568974776976743e-11
9.300000000000000000e+01 1.384664658241410947e-10
9.400000000000000000e+01 5.064490806292717883e-11
9.500000000000000000e+01 2.127838523870855927e-10
9.600000000000000000e+01 4.089045764789058928e-10
9.700000000000000000e+01 1.188444705246451022e-10
9.800000000000000000e+01 -2.386668860171697237e-10
9.900000000000000000e+01 -1.867659775335810897e-10
