0.000000000000000000e+00 1.194485139944039101e-09
1.000000000000000000e+00 -1.318747846035998053e-09
2.000000000000000000e+00 8.205598950724813446e-10
3.000000000000000000e+00 3.576898414899816842e-09
4.000000000000000000e+00 4.862139819173733989e-10
5.000000000000000000e+00 -2.670480199622172152e-09
6.000000000000000000e+00 -1.319622258697013907e-09
7.000000000000000000e+00 5.332807857126150896e-10
8.000000000000000000e+00 2.449841561072838170e-09
9.000000000000000000e+00 4.798232734936816809e-09
1.000000000000000000e+01 2.465762007714349868e-09
1.100000000000000000e+01 -2.097318040282686810e-09
1.200000000000000000e+01 6.806491938899408891e-11
1.300000000000000000e+01 4.833211764670044690e-09
1.400000000000000000e+01 2.624640143896799837e-09
1.500000000000000000e+01 -1.478012857522910946e-09
1.600000000000000000e+01 -2.187319376732308918e-11
1.700000000000000000e+01 1.781691729553472944e-09
1.800000000000000000e+01 2.559213707525010239e-10
1.900000000000000000e+01 1.245366368505357087e-10
2.000000000000000000e+01 1.299714968797592958e-09
2.100000000000000000e+01 7.447236798675416229e-11
2.200000000000000000e+01 -1.146439120970252079e-09
2.300000000000000000e+01 -2.891674806284545942e-10
2.400000000000000000e+01 -2.122745112445569891e-10
2.500000000000000000e+01 -8.218879023858438595e-10
2.600000000000000000e+01 1.777405811534408058e-10
2.700000000000000000e+01 1.083717813369422020e-09
2.800000000000000000e+01 6.880227746913681846e-10
2.900000000000000000e+01 9.418194227072968614e-10
3.000000000000000000e+01 1.405471141860850961e-09
3.100000000000000000e+01 5.796736272041473803e-10
3.200000000000000000e+01 1.491316598906880900e-10
3.300000000000000000e+01 7.366526921285697297e-10
3.400000000000000000e+01 3.372986404161775765e-10
3.500000000000000000e+01 -5.144361983588246153e-10
3.600000000000000000e+01 -2.328340624363091880e-11
3.700000000000000000e+01 6.398406407450672125e-10
3.800000000000000000e+01 3.798936440281226185e-10
3.900000000000000000e+01 2.467167865608186792e-10
4.000000000000000000e+01 2.765224024721819089e-10
4.100000000000000000e+01 -1.261203653936449885e-10
4.200000000000000000e+01 -2.098957802583474922e-10
4.300000000000000000e+01 7.709743251194097093e-11
4.400000000000000000e+01 -1.344396397639337963e-10
4.500000000000000000e+01 -3.526238496599679759e-10
4.600000000000000000e+01 -1.048725766124317005e-10
4.700000000000000000e+01 -1.609003464714724902e-10
4.800000000000000000e+01 -3.035853439345288961e-10
4.900000000000000000e+01 2.161670224868649003e-10
5.000000000000000000e+01 6.087354219407036256e-10
5.100000000000000000e+01 4.311475796021304980e-10
5.200000000000000000e+01 5.787856237120304399e-10
5.300000000000000000e+01 7.747865064178502411e-10
5.400000000000000000e+01 1.648208610731924096e-10
5.500000000000000000e+01 -3.219174262056950146e-10
5.600000000000000000e+01 1.075357493657513038e-10
5.700000000000000000e+01 4.071415419647753156e-10
5.800000000000000000e+01 4.134529409451060869e-11
5.900000000000000000e+01 -2.061759488891071977e-10
6.000000000000000000e+01 -1.000607373338916937e-10
6.100000000000000000e+01 -2.158562608603560006e-11
6.200000000000000000e+01 -6.823276195904301600e-11
6.300000000000000000e+01 -2.072314087195307103e-10
6.400000000000000000e+01 -2.266884559459786001e-10
6.500000000000000000e+01 5.454336589932016186e-11
6.600000000000000000e+01 1.844587250506487951e-10
6.700000000000000000e+01 -5.242819608648663717e-11
6.800000000000000000e+01 -5.734991549569146244e-11
6.900000000000000000e+01 1.904247769037513947e-10
7.000000000000000000e+01 9.892464157288044110e-11
7.100000000000000000e+01 -6.564841401556937732e-11
7.200000000000000000e+01 1.151735482569355018e-10
7.300000000000000000e+01 1.937705009096626926e-10
7.400000000000000000e+01 8.162398509470203887e-11
7.500000000000000000e+01 2.039996140459778941e-10
7.600000000000000000e+01 2.391989396654168101e-10
7.700000000000000000e+01 -6.129839896135714377e-11
7.800000000000000000e+01 -4.561609221244533885e-11
7.900000000000000000e+01 3.143663477576706227e-10
8.000000000000000000e+01 2.627183175180121162e-10
8.100000000000000000e+01 -7.639653857271556496e-11
8.200000000000000000e+01 -1.248004622010592952e-10
8.300000000000000000e+01 -2.300598719313014889e-11
8.400000000000000000e+01 7.576075966993613459e-11
8.500000000000000000e+01 2.671292187815672243e-10
8.600000000000000000e+01 2.563717008271022257e-10
8.700000000000000000e+01 -1.943443026014334847e-11
8.800000000000000000e+01 -9.789034175400925647e-11
8.900000000000000000e+01 -3.205737252325164855e-11
9.000000000000000000e+01 -1.452341977285235935e-10
9.100000000000000000e+01 -1.502120230538161918e-10
9.200000000000000000e+01 5.951338207233076388e-11
9.300000000000000000e+01 5.914733548610149214e-11
9.400000000000000000e+01 -4.390108473233237137e-11
9.500000000000000000e+01 1.203317781203299040e-10
9.600000000000000000e+01 2.610185926316852203e-10
9.700000000000000000e+01 1.538177006230831882e-10
9.800000000000000000e+01 1.116321489993857018e-10
9.900000000000000000e+01 1.549760580239837949e-10
1.000000000000000000e+02 8.984486581673437537e-11
