0.000000000000000000e+00 3.655817473383965773e-08
1.000000000000000000e+00 9.525938834423442879e-09
2.000000000000000000e+00 -5.080244936300164210e-08
3.000000000000000000e+00 -6.638868041619054225e-08
4.000000000000000000e+00 -2.929922627563754988e-08
5.000000000000000000e+00 -6.264039469924099280e-09
6.000000000000000000e+00 6.382077740803905211e-09
7.000000000000000000e+00 4.441256514379196805e-08
8.000000000000000000e+00 2.338647546780405877e-08
9.000000000000000000e+00 -2.307677923467134854e-09
1.000000000000000000e+01 2.468648310189616131e-09
1.100000000000000000e+01 -1.853199449035386018e-09
1.200000000000000000e+01 1.489152885719282838e-11
1.300000000000000000e+01 -5.311913455754255023e-09
1.400000000000000000e+01 -9.641680350344402698e-09
1.500000000000000000e+01 -5.514177371960613832e-09
1.600000000000000000e+01 2.414054749722254068e-09
1.700000000000000000e+01 6.268320142800580359e-09
1.800000000000000000e+01 3.621202513364268952e-09
1.900000000000000000e+01 -1.904163760485751946e-11
2.000000000000000000e+01 3.345733782531315229e-10
2.100000000000000000e+01 3.935617754772216927e-09
2.200000000000000000e+01 2.505539236132799880e-09
2.300000000000000000e+01 1.553390321510921001e-09
2.400000000000000000e+01 2.671542998544759990e-11
2.500000000000000000e+01 -1.810709190700577059e-09
2.600000000000000000e+01 -2.713036975757669150e-09
2.700000000000000000e+01 -2.292990753198861067e-09
2.800000000000000000e+01 -2.347134692659924935e-09
2.900000000000000000e+01 -4.161956495542186873e-09
3.000000000000000000e+01 -4.033592734941034646e-09
3.100000000000000000e+01 -4.014320612711842855e-09
3.200000000000000000e+01 -4.480529025150131352e-09
3.300000000000000000e+01 -1.350069968543133050e-09
3.400000000000000000e+01 2.699472194427207972e-09
3.500000000000000000e+01 1.834845187456531083e-09
3.600000000000000000e+01 8.645267835842926451e-10
3.700000000000000000e+01 3.712810555972214960e-09
3.800000000000000000e+01 3.403002800827499075e-09
3.900000000000000000e+01 5.015092584053532224e-10
4.000000000000000000e+01 -1.006701905445693967e-09
4.100000000000000000e+01 -8.163112195811626703e-12
4.200000000000000000e+01 2.594662873738169992e-10
4.300000000000000000e+01 -7.751298991643714533e-10
4.400000000000000000e+01 -1.487161900358931914e-09
4.500000000000000000e+01 -2.270993935806226045e-10
4.600000000000000000e+01 1.548327554559581056e-09
4.700000000000000000e+01 1.894106723174452069e-09
4.800000000000000000e+01 8.962120203711779156e-10
4.900000000000000000e+01 -3.422062321373852869e-10
5.000000000000000000e+01 1.836686869083452043e-10
5.100000000000000000e+01 5.405225248397661086e-10
5.200000000000000000e+01 2.528164261380209828e-10
5.300000000000000000e+01 4.073258224709477943e-10
5.400000000000000000e+01 7.533476569572113683e-10
5.500000000000000000e+01 1.600805597096000914e-10
5.600000000000000000e+01 2.955632737778711168e-10
5.700000000000000000e+01 2.753034903580752753e-10
5.800000000000000000e+01 1.489374054687964950e-10
5.900000000000000000e+01 8.466106891964477068e-10
6.000000000000000000e+01 1.089342898792982990e-09
6.100000000000000000e+01 -9.578596421722933480e-11
6.200000000000000000e+01 -6.556901209894385563e-10
6.300000000000000000e+01 -8.068002069410437537e-10
6.400000000000000000e+01 -2.759969236756179029e-10
6.500000000000000000e+01 4.159714420238858786e-10
6.600000000000000000e+01 4.165134966055339938e-10
6.700000000000000000e+01 -2.737624007348516779e-10
6.800000000000000000e+01 4.098494790708399044e-10
6.900000000000000000e+01 7.532906667844971629e-10
7.000000000000000000e+01 -5.331601084846600439e-10
7.100000000000000000e+01 -5.073775781129137154e-10
7.200000000000000000e+01 -3.129388877743074777e-10
7.300000000000000000e+01 6.736095351436488158e-10
7.400000000000000000e+01 2.683880957993916177e-10
7.500000000000000000e+01 -2.867704294850317157e-10
7.600000000000000000e+01 3.113950955014776754e-10
7.700000000000000000e+01 3.081817548136788862e-10
7.800000000000000000e+01 -2.003466555752691931e-10
7.900000000000000000e+01 -3.382281826441472843e-10
8.000000000000000000e+01 -2.868537731277716136e-10
8.100000000000000000e+01 1.299541709358874909e-10
8.200000000000000000e+01 4.055618443136379866e-10
8.300000000000000000e+01 1.682252767592489060e-10
8.400000000000000000e+01 1.358363815357909044e-10
8.500000000000000000e+01 5.453509307447981699e-10
8.600000000000000000e+01 5.875846895346858393e-10
8.700000000000000000e+01 1.590550978844526059e-10
8.800000000000000000e+01 -7.243291726928703997e-10
8.900000000000000000e+01 -8.139256032629345334e-10
9.000000000000000000e+01 -2.518645433130529026e-10
9.100000000000000000e+01 -5.719710986805048339e-10
9.200000000000000000e+01 -5.318381432710222280e-10
9.300000000000000000e+01 1.202128569280516032e-10
9.400000000000000000e+01 -1.018925586430330925e-12
9.500000000000000000e+01 -4.459093826002695966e-10
9.600000000000000000e+01 -3.448587575254141764e-10
9.700000000000000000e+01 1.805309741341167922e-10
9.800000000000000000e+01 1.857710058486837934e-10
9.900000000000000000e+01 -1.977090712468906088e-10
