0.000000000000000000e+00 7.945494949388525713e-09
1.000000000000000000e+00 -1.826809622997884917e-09
2.000000000000000000e+00 -2.073273771115590884e-08
3.000000000000000000e+00 -1.153305861904030995e-08
4.000000000000000000e+00 1.621626403926954845e-08
5.000000000000000000e+00 2.100424450032325973e-08
6.000000000000000000e+00 1.835858416336053996e-08
7.000000000000000000e+00 2.142189365369751871e-08
8.000000000000000000e+00 9.467911434871996400e-09
9.000000000000000000e+00 -7.819696215855186867e-09
1.000000000000000000e+01 -1.964252602849171049e-08
1.100000000000000000e+01 -1.827802439354297962e-08
1.200000000000000000e+01 -2.829196368634092239e-10
1.300000000000000000e+01 7.529487016335920946e-09
1.400000000000000000e+01 6.130734172230991053e-09
1.500000000000000000e+01 2.275455245810769900e-09
1.600000000000000000e+01 1.847338696003540927e-09
1.700000000000000000e+01 3.509260589877537027e-09
1.800000000000000000e+01 2.604658990815278133e-09
1.900000000000000000e+01 2.978820948859189051e-09
2.000000000000000000e+01 -1.485655564070860080e-09
2.100000000000000000e+01 3.552394691220697085e-10
2.200000000000000000e+01 3.229094447051706028e-09
2.300000000000000000e+01 1.387225422010551033e-09
2.400000000000000000e+01 3.900484367578672862e-10
2.500000000000000000e+01 1.914528826585009206e-09
2.600000000000000000e+01 -9.782876614849336029e-10
2.700000000000000000e+01 -9.122283733414548554e-10
2.800000000000000000e+01 2.383958757874862954e-09
2.900000000000000000e+01 -1.100929007200106926e-09
3.000000000000000000e+01 -5.597080188787181675e-09
3.100000000000000000e+01 -5.656272880474231701e-09
3.200000000000000000e+01 -3.102058137238536029e-09
3.300000000000000000e+01 -2.266596963144302998e-10
3.400000000000000000e+01 1.576241911181632010e-09
3.500000000000000000e+01 1.107557320755458033e-10
3.600000000000000000e+01 -1.606146929603795018e-09
3.700000000000000000e+01 4.991742772330163138e-10
3.800000000000000000e+01 1.620814173411219098e-09
3.900000000000000000e+01 2.618596621199109835e-10
4.000000000000000000e+01 1.583525782777284993e-09
4.100000000000000000e+01 2.687854035606805906e-09
4.200000000000000000e+01 1.151555564525225930e-09
4.300000000000000000e+01 -1.005896686632039993e-09
4.400000000000000000e+01 -2.596053031329515817e-09
4.500000000000000000e+01 -1.554574754823234941e-09
4.600000000000000000e+01 -4.274844207153355176e-11
4.700000000000000000e+01 1.222858978415128005e-09
4.800000000000000000e+01 1.912951154084215080e-09
4.900000000000000000e+01 9.488454008503504253e-10
5.000000000000000000e+01 2.873512788676845156e-10
5.100000000000000000e+01 4.779727754278552533e-10
5.200000000000000000e+01 2.200196885056531117e-10
5.300000000000000000e+01 4.770272303420137701e-10
5.400000000000000000e+01 2.020656279595720028e-10
5.500000000000000000e+01 -2.652069013961730836e-10
5.600000000000000000e+01 7.259660496268491153e-10
5.700000000000000000e+01 1.573024947146747120e-10
5.800000000000000000e+01 -5.090231443832229253e-10
5.900000000000000000e+01 -4.772286834898720221e-11
6.000000000000000000e+01 3.243216834790660914e-10
6.100000000000000000e+01 -8.830807003360573807e-11
6.200000000000000000e+01 -4.928116483154710826e-11
6.300000000000000000e+01 -3.634973222437283832e-10
6.400000000000000000e+01 -3.037513926529799817e-10
6.500000000000000000e+01 5.324172219987865461e-10
6.600000000000000000e+01 8.834013853004800128e-10
6.700000000000000000e+01 -2.732697687433576888e-11
6.800000000000000000e+01 -4.694982369045499013e-11
6.900000000000000000e+01 1.096650156880059032e-10
7.000000000000000000e+01 -1.682365711256344954e-11
7.100000000000000000e+01 2.102039570172301059e-10
7.200000000000000000e+01 2.933118670526899750e-10
7.300000000000000000e+01 6.504785413125041471e-10
7.400000000000000000e+01 -2.554690950171315813e-10
7.500000000000000000e+01 -6.017730429941568079e-10
7.600000000000000000e+01 2.459447386940750132e-10
7.700000000000000000e+01 2.574544199481589034e-10
7.800000000000000000e+01 -2.798009501388298888e-11
7.900000000000000000e+01 1.638544199238248086e-10
8.000000000000000000e+01 -1.809648169374266008e-10
8.100000000000000000e+01 -2.782069273003018772e-10
8.200000000000000000e+01 -1.218433595218117124e-10
8.300000000000000000e+01 -4.232389612492893777e-10
8.400000000000000000e+01 4.371306511070334761e-11
8.500000000000000000e+01 4.911695993872673543e-10
8.600000000000000000e+01 3.340515152187781841e-10
8.700000000000000000e+01 1.947885370397425992e-10
8.800000000000000000e+01 -7.511831305455775405e-11
8.900000000000000000e+01 -3.547656135809791185e-10
9.000000000000000000e+01 -2.506550332377548810e-10
9.100000000000000000e+01 -3.461207616650664046e-10
9.200000000000000000e+01 -2.495923050328816123e-11
9.300000000000000000e+01 5.055391884586636004e-10
9.400000000000000000e+01 5.481438519034284155e-11
9.500000000000000000e+01 -4.262971673533940889e-10
9.600000000000000000e+01 -4.715480211931857615e-10
9.700000000000000000e+01 -9.973182924893037017e-12
9.800000000000000000e+01 2.802070079100562956e-10
9.900000000000000000e+01 -5.027038041217157289e-11
