0.000000000000000000e+00 -8.902678204966442397e-09
1.000000000000000000e+00 3.479149578191531673e-08
2.000000000000000000e+00 1.619579493109522870e-08
3.000000000000000000e+00 -5.159368746458814977e-08
4.000000000000000000e+00 -2.967159118161025098e-08
5.000000000000000000e+00 -2.577236417725943950e-08
6.000000000000000000e+00 -4.275667067724613034e-08
7.000000000000000000e+00 -4.336543086180544302e-08
8.000000000000000000e+00 -1.535545848495179109e-08
9.000000000000000000e+00 -5.278977237181440599e-10
1.000000000000000000e+01 -1.514140957342010075e-08
1.100000000000000000e+01 -4.048722023976549155e-09
1.200000000000000000e+01 1.123136575191278046e-08
1.300000000000000000e+01 2.293853212942788918e-08
1.400000000000000000e+01 2.071704974598989916e-08
1.500000000000000000e+01 1.125414925664228992e-08
1.600000000000000000e+01 6.228548945895857405e-09
1.700000000000000000e+01 4.201422655074914949e-09
1.800000000000000000e+01 2.550046580951674153e-09
1.900000000000000000e+01 3.327653534907490924e-09
2.000000000000000000e+01 1.000137923472031980e-10
2.100000000000000000e+01 -1.983612417380031931e-09
2.200000000000000000e+01 3.112636998821940943e-09
2.300000000000000000e+01 2.925356376462550036e-09
2.400000000000000000e+01 -2.276555672290431052e-10
2.500000000000000000e+01 2.683782335386461027e-09
2.600000000000000000e+01 -2.387322178921947786e-10
2.700000000000000000e+01 -4.063275119146211706e-09
2.800000000000000000e+01 1.515039203303267944e-09
2.900000000000000000e+01 5.512271977706727119e-09
3.000000000000000000e+01 7.801981480074682988e-10
3.100000000000000000e+01 -4.190529928303519050e-09
3.200000000000000000e+01 -2.582232955302258947e-09
3.300000000000000000e+01 -2.315876643465440910e-09
3.400000000000000000e+01 -1.093522416649699926e-09
3.500000000000000000e+01 1.576260545599653978e-09
3.600000000000000000e+01 -3.354243183660562059e-11
3.700000000000000000e+01 -9.143402858650611380e-10
3.800000000000000000e+01 9.051676392768983751e-10
3.900000000000000000e+01 -1.738507967665750989e-11
4.000000000000000000e+01 1.471721241312005959e-10
4.100000000000000000e+01 -3.127919748278440910e-10
4.200000000000000000e+01 -8.709269520667132110e-10
4.300000000000000000e+01 -1.481501219922107047e-09
4.400000000000000000e+01 -1.494741729455317907e-09
4.500000000000000000e+01 -2.364645519279314959e-10
4.600000000000000000e+01 -7.259005712434954464e-10
4.700000000000000000e+01 -1.807114915929388926e-11
4.800000000000000000e+01 2.507125964320669983e-09
4.900000000000000000e+01 2.348702697397839924e-09
5.000000000000000000e+01 1.026783695548315967e-09
5.100000000000000000e+01 1.794938834017929961e-10
5.200000000000000000e+01 7.353613368650528473e-11
5.300000000000000000e+01 2.374205900844788030e-10
5.400000000000000000e+01 -4.018003975771283993e-10
5.500000000000000000e+01 -8.496002322271634646e-10
5.600000000000000000e+01 -2.276441162446270078e-10
5.700000000000000000e+01 -1.240615831082681956e-10
5.800000000000000000e+01 3.840021864456946210e-11
5.900000000000000000e+01 -1.556826784110298015e-10
6.000000000000000000e+01 1.720595543842551077e-10
6.100000000000000000e+01 2.435396779040324196e-10
6.200000000000000000e+01 -1.210058960494426920e-09
6.300000000000000000e+01 -1.215702620451594021e-09
6.400000000000000000e+01 -2.046342198821961958e-10
6.500000000000000000e+01 -4.716178039133176445e-10
6.600000000000000000e+01 -6.493724585095493702e-10
6.700000000000000000e+01 -4.651045977995474157e-11
6.800000000000000000e+01 5.646039190316187991e-11
6.900000000000000000e+01 1.231733978017718885e-10
7.000000000000000000e+01 2.696833820113524790e-10
7.100000000000000000e+01 1.044045103124169039e-10
7.200000000000000000e+01 -1.839117985595038019e-11
7.300000000000000000e+01 -2.485680336627453749e-10
7.400000000000000000e+01 3.273834657950918869e-11
7.500000000000000000e+01 1.511593209134629884e-10
7.600000000000000000e+01 2.983584730137027977e-10
7.700000000000000000e+01 -1.533133558046677965e-10
7.800000000000000000e+01 -4.608635027282886024e-10
7.900000000000000000e+01 3.295395257712761123e-10
8.000000000000000000e+01 2.276066015775477906e-10
8.100000000000000000e+01 -1.287059500841440064e-10
8.200000000000000000e+01 1.775600285241325992e-10
8.300000000000000000e+01 4.832216412562728292e-11
8.400000000000000000e+01 -3.379486943025282186e-10
8.500000000000000000e+01 -1.164853807333662063e-10
8.600000000000000000e+01 5.887195377842906626e-12
8.700000000000000000e+01 8.472558299773240458e-11
8.800000000000000000e+01 3.285404358081941900e-10
8.900000000000000000e+01 2.676911778653567906e-10
9.000000000000000000e+01 1.410287802646290075e-10
9.100000000000000000e+01 -4.432607737689654277e-11
9.200000000000000000e+01 -1.156488308531778968e-10
9.300000000000000000e+01 1.354897763142710035e-10
9.400000000000000000e+01 1.379421610854268881e-10
9.500000000000000000e+01 -8.763516284126795671e-11
9.600000000000000000e+01 -1.785923440768960893e-10
9.700000000000000000e+01 3.548456226836793172e-11
9.800000000000000000e+01 3.326674169769680881e-10
9.900000000000000000e+01 -1.542353698329398939e-10
