0.000000000000000000e+00 1.946976442811238094e-08
1.000000000000000000e+00 1.045266034789547000e-08
2.000000000000000000e+00 -3.249661727487773916e-08
3.000000000000000000e+00 -5.051560202219880724e-08
4.000000000000000000e+00 -9.755237170720605338e-09
5.000000000000000000e+00 9.936152266895456993e-09
6.000000000000000000e+00 6.572816848835657967e-09
7.000000000000000000e+00 2.465079764979921947e-08
8.000000000000000000e+00 1.565685162972697021e-08
9.000000000000000000e+00 -1.904395857005585837e-09
1.000000000000000000e+01 -6.502994114074504760e-09
1.100000000000000000e+01 -7.727662392875428563e-09
1.200000000000000000e+01 5.088539620695076819e-10
1.300000000000000000e+01 2.371919397483272825e-09
1.400000000000000000e+01 2.690232898506571848e-10
1.500000000000000000e+01 5.617222783862043562e-10
1.600000000000000000e+01 4.314078298445002121e-09
1.700000000000000000e+01 6.262292295906997627e-09
1.800000000000000000e+01 2.653601000235583857e-09
1.900000000000000000e+01 6.261216754910384219e-10
2.000000000000000000e+01 -3.273301614664378204e-10
2.100000000000000000e+01 1.719388940437575057e-09
2.200000000000000000e+01 2.797084445376415851e-09
2.300000000000000000e+01 2.005582907633659144e-09
2.400000000000000000e+01 3.203296236858572856e-10
2.500000000000000000e+01 1.915487188600234021e-10
2.600000000000000000e+01 -1.563627992777939932e-09
2.700000000000000000e+01 -2.030757682114823856e-09
2.800000000000000000e+01 -4.082837038514952083e-10
2.900000000000000000e+01 -1.699513787196177000e-09
3.000000000000000000e+01 -3.682725165008493934e-09
3.100000000000000000e+01 -4.586080810998255250e-09
3.200000000000000000e+01 -3.744400428196302965e-09
3.300000000000000000e+01 -7.981751389215544772e-10
3.400000000000000000e+01 2.005501112156025933e-09
3.500000000000000000e+01 1.074490340851008939e-09
3.600000000000000000e+01 -2.902008526934163997e-10
3.700000000000000000e+01 1.785564511457010009e-09
3.800000000000000000e+01 2.338023034276334148e-09
3.900000000000000000e+01 2.811356176165787947e-10
4.000000000000000000e+01 1.867383260809078049e-11
4.100000000000000000e+01 9.109064787335537523e-10
4.200000000000000000e+01 4.070193057006492886e-10
4.300000000000000000e+01 -9.038478174513325014e-10
4.400000000000000000e+01 -1.667005056076067069e-09
4.500000000000000000e+01 -5.170397930416244867e-10
4.600000000000000000e+01 5.769369790550060836e-10
4.700000000000000000e+01 1.210473195462270013e-09
4.800000000000000000e+01 1.458380711762292932e-09
4.900000000000000000e+01 4.642376987727654085e-10
5.000000000000000000e+01 1.484513410820705925e-10
5.100000000000000000e+01 3.873255997792410961e-10
5.200000000000000000e+01 2.738690213021848754e-10
5.300000000000000000e+01 4.248918830378128045e-10
5.400000000000000000e+01 3.266000648129938188e-10
5.500000000000000000e+01 -1.498333684939089947e-10
5.600000000000000000e+01 3.492433944253025199e-10
5.700000000000000000e+01 1.670031477844402994e-10
5.800000000000000000e+01 -2.487139507550486978e-11
5.900000000000000000e+01 4.433487583950224212e-10
6.000000000000000000e+01 6.452131541911758496e-10
6.100000000000000000e+01 -7.774381271062945348e-11
6.200000000000000000e+01 -3.700570409736916797e-10
6.300000000000000000e+01 -5.504415832258871576e-10
6.400000000000000000e+01 -2.068824177280396880e-10
6.500000000000000000e+01 3.449584226979741193e-10
6.600000000000000000e+01 3.701403855700049225e-10
6.700000000000000000e+01 -1.916363890306052946e-10
6.800000000000000000e+01 2.396542172491037796e-10
6.900000000000000000e+01 4.695378886645786535e-10
7.000000000000000000e+01 -3.094415353159520076e-10
7.100000000000000000e+01 -2.803569234387060068e-10
7.200000000000000000e+01 -4.641054159322062842e-11
7.300000000000000000e+01 5.752730546521064269e-10
7.400000000000000000e+01 7.213574593981094830e-11
7.500000000000000000e+01 -2.992800810011231184e-10
7.600000000000000000e+01 2.575486534672383163e-10
7.700000000000000000e+01 1.781524321809325063e-10
7.800000000000000000e+01 -1.702332484746252017e-10
7.900000000000000000e+01 -4.168549336458611986e-11
8.000000000000000000e+01 -1.593912456464780896e-10
8.100000000000000000e+01 -1.078614880485604997e-10
8.200000000000000000e+01 1.157843800943038969e-10
8.300000000000000000e+01 -5.173000692635193812e-11
8.400000000000000000e+01 5.963058014015969690e-11
8.500000000000000000e+01 4.395084166286203844e-10
8.600000000000000000e+01 3.638765133116436931e-10
8.700000000000000000e+01 1.147449416966730042e-10
8.800000000000000000e+01 -3.405337844604473214e-10
8.900000000000000000e+01 -4.677510251352520733e-10
9.000000000000000000e+01 -1.812021330687537940e-10
9.100000000000000000e+01 -4.091093753037070174e-10
9.200000000000000000e+01 -2.780953940696334776e-10
9.300000000000000000e+01 2.587278399436704882e-10
9.400000000000000000e+01 3.243664027511650965e-11
9.500000000000000000e+01 -4.032474382391274827e-10
9.600000000000000000e+01 -3.928667284240621876e-10
9.700000000000000000e+01 4.331908972204849274e-11
9.800000000000000000e+01 2.023625588918553084e-10
9.900000000000000000e+01 -1.516497600873832095e-10
1.000000000000000000e+02 -2.538171951774255030e-11
