0.000000000000000000e+00 -6.801294234921615518e-05
1.000000000000000000e+00 1.351684184000427006e-03
2.000000000000000000e+00 9.884438583383215165e-04
3.000000000000000000e+00 2.038777310925401175e-03
4.000000000000000000e+00 5.083456487740759325e-03
5.000000000000000000e+00 3.645994712206859951e-03
6.000000000000000000e+00 1.737451206762572007e-03
7.000000000000000000e+00 2.079077766956692087e-03
8.000000000000000000e+00 2.182909262880442913e-03
9.000000000000000000e+00 2.882888538433155817e-03
1.000000000000000000e+01 2.732865044067406962e-03
1.100000000000000000e+01 2.063372584011392147e-03
1.200000000000000000e+01 1.182062531196540096e-03
1.300000000000000000e+01 4.808507282227281101e-04
1.400000000000000000e+01 4.156115061879932975e-04
1.500000000000000000e+01 6.412255580816550405e-04
1.600000000000000000e+01 7.797272321914721282e-04
1.700000000000000000e+01 6.699322454479224396e-04
1.800000000000000000e+01 8.269415182707937767e-04
1.900000000000000000e+01 8.541769639679536391e-04
2.000000000000000000e+01 4.884403427223537849e-04
2.100000000000000000e+01 4.859811466318795115e-04
2.200000000000000000e+01 8.032962684961841631e-04
2.300000000000000000e+01 6.639857200491384439e-04
2.400000000000000000e+01 4.319840015334348946e-04
2.500000000000000000e+01 4.217262581470087950e-04
2.600000000000000000e+01 4.215709728066304070e-04
2.700000000000000000e+01 4.134424593534663734e-04
2.800000000000000000e+01 4.546120695675318199e-04
2.900000000000000000e+01 3.964167188154862128e-04
3.000000000000000000e+01 3.308242382813628103e-04
3.100000000000000000e+01 3.999443421909818809e-04
3.200000000000000000e+01 4.146580398532319204e-04
3.300000000000000000e+01 3.836599398891325135e-04
3.400000000000000000e+01 4.568305075347714006e-04
3.500000000000000000e+01 5.602942593143380411e-04
3.600000000000000000e+01 3.520605244809910952e-04
3.700000000000000000e+01 2.770648131331065176e-04
3.800000000000000000e+01 3.380539165148293049e-04
3.900000000000000000e+01 2.306625012942151989e-04
4.000000000000000000e+01 2.246996479215152118e-04
4.100000000000000000e+01 2.642270579619336091e-04
4.200000000000000000e+01 2.961245947499593911e-04
4.300000000000000000e+01 3.970161715908958246e-04
4.400000000000000000e+01 3.053957947959555844e-04
4.500000000000000000e+01 2.070928542199455130e-04
4.600000000000000000e+01 2.184435813519774040e-04
4.700000000000000000e+01 2.178115463751320059e-04
4.800000000000000000e+01 2.048972560892554061e-04
4.900000000000000000e+01 2.251488528254188930e-04
5.000000000000000000e+01 2.231778148776330031e-04
5.100000000000000000e+01 2.137924527539984112e-04
5.200000000000000000e+01 1.786010193094833131e-04
5.300000000000000000e+01 2.150943219333592950e-04
5.400000000000000000e+01 2.540516748893406856e-04
5.500000000000000000e+01 1.881505531559261131e-04
5.600000000000000000e+01 1.647730865573779943e-04
5.700000000000000000e+01 1.860009012069180053e-04
5.800000000000000000e+01 1.859942964708981056e-04
5.900000000000000000e+01 1.624764172707692010e-04
6.000000000000000000e+01 1.371578413789064895e-04
6.100000000000000000e+01 1.597249799916175908e-04
6.200000000000000000e+01 1.557830163877464886e-04
6.300000000000000000e+01 1.526825995672294008e-04
6.400000000000000000e+01 1.568288928372111972e-04
6.500000000000000000e+01 1.280641794518563956e-04
6.600000000000000000e+01 1.286273310046487936e-04
6.700000000000000000e+01 1.305286073910884965e-04
6.800000000000000000e+01 9.922709757633205510e-05
6.900000000000000000e+01 1.248521232342062902e-04
7.000000000000000000e+01 1.493302058131523095e-04
7.100000000000000000e+01 1.295958276207352991e-04
7.200000000000000000e+01 1.261160833100301900e-04
7.300000000000000000e+01 1.518666877996043929e-04
7.400000000000000000e+01 1.530299962432928051e-04
7.500000000000000000e+01 1.488377779945444096e-04
7.600000000000000000e+01 1.488446065718863063e-04
7.700000000000000000e+01 1.283112487796556880e-04
7.800000000000000000e+01 1.058044141745712047e-04
7.900000000000000000e+01 1.148267569956685027e-04
8.000000000000000000e+01 1.221874823260217882e-04
8.100000000000000000e+01 1.343981889155766870e-04
8.200000000000000000e+01 1.176469500143371001e-04
8.300000000000000000e+01 9.024786252980462398e-05
8.400000000000000000e+01 8.309923356053276961e-05
8.500000000000000000e+01 8.958355255340754223e-05
8.600000000000000000e+01 6.624541674770419023e-05
8.700000000000000000e+01 6.260482657325454315e-05
8.800000000000000000e+01 8.727397694824103058e-05
8.900000000000000000e+01 9.327633089120762849e-05
9.000000000000000000e+01 1.063421082136202945e-04
9.100000000000000000e+01 1.283438733567008976e-04
9.200000000000000000e+01 1.087814417486176940e-04
9.300000000000000000e+01 8.480921493932279019e-05
9.400000000000000000e+01 7.471173061886370492e-05
9.500000000000000000e+01 8.546344346017594774e-05
9.600000000000000000e+01 7.909235355680638453e-05
9.700000000000000000e+01 6.107677945269052481e-05
9.800000000000000000e+01 5.494338813863277151e-05
9.900000000000000000e+01 6.431599284974203335e-05
