0.000000000000000000e+00 -5.393652179402452611e-04
1.000000000000000000e+00 8.398782890972412204e-04
2.000000000000000000e+00 1.838578990402001947e-03
3.000000000000000000e+00 1.181053124452614931e-03
4.000000000000000000e+00 1.669426961303035984e-03
5.000000000000000000e+00 9.976234063154866809e-04
6.000000000000000000e+00 4.556658931316692166e-04
7.000000000000000000e+00 9.577128342496330198e-04
8.000000000000000000e+00 1.200692387243199044e-03
9.000000000000000000e+00 1.439387417511595046e-03
1.000000000000000000e+01 1.031803306358079937e-03
1.100000000000000000e+01 6.252983897389441771e-04
1.200000000000000000e+01 8.311815337336235510e-04
1.300000000000000000e+01 8.839366011387639723e-04
1.400000000000000000e+01 5.352694693824911008e-04
1.500000000000000000e+01 3.573494554043014785e-04
1.600000000000000000e+01 4.408638394562110836e-04
1.700000000000000000e+01 5.811830845175292417e-04
1.800000000000000000e+01 7.325214906813074097e-04
1.900000000000000000e+01 7.255479235316146785e-04
2.000000000000000000e+01 3.961492488184752006e-04
2.100000000000000000e+01 2.691436108193743094e-04
2.200000000000000000e+01 4.908339415323998778e-04
2.300000000000000000e+01 5.523258491257853047e-04
2.400000000000000000e+01 5.797587491665689378e-04
2.500000000000000000e+01 6.691432938266517845e-04
2.600000000000000000e+01 6.627096511836907781e-04
2.700000000000000000e+01 6.024375019921289010e-04
2.800000000000000000e+01 5.351212660947065464e-04
2.900000000000000000e+01 4.109032043296112881e-04
3.000000000000000000e+01 2.636614522241289074e-04
3.100000000000000000e+01 2.127747922319238002e-04
3.200000000000000000e+01 2.441077257490818970e-04
3.300000000000000000e+01 3.383276070274181062e-04
3.400000000000000000e+01 3.244624442895239244e-04
3.500000000000000000e+01 3.540286838001306061e-04
3.600000000000000000e+01 3.221810860646729096e-04
3.700000000000000000e+01 2.090695147403257080e-04
3.800000000000000000e+01 2.249716008964265006e-04
3.900000000000000000e+01 2.630706885914987220e-04
4.000000000000000000e+01 2.293553369150335124e-04
4.100000000000000000e+01 2.078434173525941977e-04
4.200000000000000000e+01 1.890298686103038912e-04
4.300000000000000000e+01 1.727315710659993084e-04
4.400000000000000000e+01 2.103313527551568883e-04
4.500000000000000000e+01 2.064922441862504987e-04
4.600000000000000000e+01 2.382623677339627908e-04
4.700000000000000000e+01 3.092492369400912924e-04
4.800000000000000000e+01 2.773144746676100897e-04
4.900000000000000000e+01 2.259061642690234886e-04
5.000000000000000000e+01 1.351344141975587086e-04
5.100000000000000000e+01 1.049209200583246982e-04
5.200000000000000000e+01 1.592292878999335105e-04
5.300000000000000000e+01 1.697631436924418910e-04
5.400000000000000000e+01 1.196546117880826945e-04
5.500000000000000000e+01 1.047160265786727936e-04
5.600000000000000000e+01 1.459650282320164045e-04
5.700000000000000000e+01 1.585235288135954112e-04
5.800000000000000000e+01 1.431317964269999878e-04
5.900000000000000000e+01 1.640862014908605097e-04
6.000000000000000000e+01 1.860490764893814048e-04
6.100000000000000000e+01 2.062494517690054889e-04
6.200000000000000000e+01 1.771685298777652903e-04
6.300000000000000000e+01 1.773049508274863074e-04
6.400000000000000000e+01 1.903195093223779115e-04
6.500000000000000000e+01 1.735198098646643884e-04
6.600000000000000000e+01 1.280258275450270875e-04
6.700000000000000000e+01 1.103007288437254962e-04
6.800000000000000000e+01 1.404191701006870878e-04
6.900000000000000000e+01 1.251179152398388880e-04
7.000000000000000000e+01 9.892520097509360148e-05
7.100000000000000000e+01 1.049475928054722959e-04
7.200000000000000000e+01 1.117945274138994942e-04
7.300000000000000000e+01 1.122899450701327019e-04
7.400000000000000000e+01 1.118105787923423029e-04
7.500000000000000000e+01 1.250147882332607865e-04
7.600000000000000000e+01 1.117744159709331043e-04
7.700000000000000000e+01 1.049156680964404015e-04
7.800000000000000000e+01 1.148570063722324959e-04
7.900000000000000000e+01 1.252024859927145081e-04
8.000000000000000000e+01 1.199079976850867018e-04
8.100000000000000000e+01 1.071614615815848025e-04
8.200000000000000000e+01 7.524239315552438078e-05
8.300000000000000000e+01 7.287657375075649803e-05
8.400000000000000000e+01 1.013195853418249066e-04
8.500000000000000000e+01 1.153947403528769999e-04
8.600000000000000000e+01 9.675850384573681765e-05
8.700000000000000000e+01 7.568764168689727132e-05
8.800000000000000000e+01 8.568270752589581918e-05
8.900000000000000000e+01 1.038837390484353051e-04
9.000000000000000000e+01 1.167309267714466021e-04
9.100000000000000000e+01 1.100029962876516022e-04
9.200000000000000000e+01 7.054591008156113347e-05
9.300000000000000000e+01 7.281226845814646692e-05
9.400000000000000000e+01 1.035374852430996027e-04
9.500000000000000000e+01 9.466759682424190337e-05
9.600000000000000000e+01 6.723702263614821182e-05
9.700000000000000000e+01 6.142841766340376261e-05
9.800000000000000000e+01 5.854258257816909248e-05
9.900000000000000000e+01 7.588028350136819954e-05
