0.000000000000000000e+00 3.038333426304648099e-03
1.000000000000000000e+00 5.618889282209241394e-03
2.000000000000000000e+00 2.859379569483710189e-03
3.000000000000000000e+00 4.377533513880812110e-04
4.000000000000000000e+00 3.948216550776188923e-04
5.000000000000000000e+00 2.425832609556114133e-05
6.000000000000000000e+00 4.780178819466367754e-04
7.000000000000000000e+00 1.700536683452591067e-03
8.000000000000000000e+00 1.999029953286093116e-03
9.000000000000000000e+00 1.044286390116678067e-03
1.000000000000000000e+01 8.855030380022546046e-04
1.100000000000000000e+01 1.098060463026945006e-03
1.200000000000000000e+01 6.342262393438507237e-04
1.300000000000000000e+01 2.981850120431571807e-04
1.400000000000000000e+01 6.534693394123877903e-04
1.500000000000000000e+01 1.207634168275688053e-03
1.600000000000000000e+01 1.476210035679319894e-03
1.700000000000000000e+01 1.091097944445301986e-03
1.800000000000000000e+01 6.965290582027303806e-04
1.900000000000000000e+01 1.019351887853724940e-03
2.000000000000000000e+01 9.776866834229477540e-04
2.100000000000000000e+01 9.112117051213476909e-04
2.200000000000000000e+01 9.127521545073454673e-04
2.300000000000000000e+01 7.027138536950369632e-04
2.400000000000000000e+01 8.354875839771001757e-04
2.500000000000000000e+01 1.260593730144406047e-03
2.600000000000000000e+01 1.116601949154649026e-03
2.700000000000000000e+01 1.024283672488597108e-03
2.800000000000000000e+01 1.157124491926621009e-03
2.900000000000000000e+01 1.118427344627360032e-03
3.000000000000000000e+01 1.187228136519386966e-03
3.100000000000000000e+01 8.361999258894211575e-04
3.200000000000000000e+01 6.006462099983551125e-04
3.300000000000000000e+01 5.432574085042957178e-04
3.400000000000000000e+01 4.938654037469896330e-04
3.500000000000000000e+01 6.917940223543443115e-04
3.600000000000000000e+01 6.197907132402759225e-04
3.700000000000000000e+01 4.952172363949906581e-04
3.800000000000000000e+01 4.426233011411554222e-04
3.900000000000000000e+01 2.792793791152961840e-04
4.000000000000000000e+01 2.428941584033403127e-04
4.100000000000000000e+01 1.923874398039448087e-04
4.200000000000000000e+01 4.261972314901757821e-04
4.300000000000000000e+01 5.164594326937032784e-04
4.400000000000000000e+01 3.298404492516811845e-04
4.500000000000000000e+01 3.422636424224475269e-04
4.600000000000000000e+01 4.011312117531387242e-04
4.700000000000000000e+01 4.940421028365206413e-04
4.800000000000000000e+01 3.889967973600151055e-04
4.900000000000000000e+01 2.828217203898973067e-04
5.000000000000000000e+01 2.267998631144037009e-04
5.100000000000000000e+01 2.008801499771306913e-04
5.200000000000000000e+01 1.309717876186246885e-04
5.300000000000000000e+01 1.026031016101426970e-04
5.400000000000000000e+01 1.250661819257221929e-04
5.500000000000000000e+01 1.868709952014583025e-04
5.600000000000000000e+01 2.542922825047974796e-04
5.700000000000000000e+01 2.496480836963602731e-04
5.800000000000000000e+01 2.181561404600008925e-04
5.900000000000000000e+01 2.607029996068908851e-04
6.000000000000000000e+01 2.634898446141663102e-04
6.100000000000000000e+01 3.852372417474665255e-04
6.200000000000000000e+01 3.023348163188193131e-04
6.300000000000000000e+01 1.973881601846765867e-04
6.400000000000000000e+01 2.117910749884654076e-04
6.500000000000000000e+01 2.208344838227275890e-04
6.600000000000000000e+01 1.835683684274088897e-04
6.700000000000000000e+01 2.168521827149975001e-04
6.800000000000000000e+01 2.078919041249907009e-04
6.900000000000000000e+01 1.642960353372810076e-04
7.000000000000000000e+01 1.697880364219474974e-04
7.100000000000000000e+01 1.866741553663746952e-04
7.200000000000000000e+01 1.400935673115486922e-04
7.300000000000000000e+01 1.390497885516381879e-04
7.400000000000000000e+01 1.595833766455067009e-04
7.500000000000000000e+01 1.509222092647986076e-04
7.600000000000000000e+01 2.040873761471275101e-04
7.700000000000000000e+01 2.240523311903724109e-04
7.800000000000000000e+01 1.455838454154850055e-04
7.900000000000000000e+01 1.492879504560941004e-04
8.000000000000000000e+01 2.186477535496696937e-04
8.100000000000000000e+01 1.908641334458623866e-04
8.200000000000000000e+01 1.527165247719721125e-04
8.300000000000000000e+01 1.187222822280065013e-04
8.400000000000000000e+01 1.429775568410924928e-04
8.500000000000000000e+01 2.381909663340525121e-04
8.600000000000000000e+01 2.259861594236285015e-04
8.700000000000000000e+01 1.266409678926965128e-04
8.800000000000000000e+01 1.333481258007217934e-04
8.900000000000000000e+01 1.864074514960308894e-04
9.000000000000000000e+01 2.050667673017729866e-04
9.100000000000000000e+01 1.549594256852332972e-04
9.200000000000000000e+01 1.143729097718671980e-04
9.300000000000000000e+01 7.592092349364555994e-05
9.400000000000000000e+01 1.018470786086697063e-04
9.500000000000000000e+01 1.343149484008015928e-04
9.600000000000000000e+01 9.296000907110511823e-05
9.700000000000000000e+01 7.669376816449486895e-05
9.800000000000000000e+01 1.346844524335639884e-04
9.900000000000000000e+01 1.651748924969528897e-04
