0.000000000000000000e+00 -2.682198739007493875e-04
1.000000000000000000e+00 9.463885030598877387e-04
2.000000000000000000e+00 1.092757532757267962e-03
3.000000000000000000e+00 1.583337626116073033e-03
4.000000000000000000e+00 3.548634009581897071e-03
5.000000000000000000e+00 2.316612295114461092e-03
6.000000000000000000e+00 1.032976952819144017e-03
7.000000000000000000e+00 1.561713119745654962e-03
8.000000000000000000e+00 1.677915148761798978e-03
9.000000000000000000e+00 2.086197185151494101e-03
1.000000000000000000e+01 1.765287181690263028e-03
1.100000000000000000e+01 1.174748359125605971e-03
1.200000000000000000e+01 7.212285941718519925e-04
1.300000000000000000e+01 4.005826931436777842e-04
1.400000000000000000e+01 3.559067607982774762e-04
1.500000000000000000e+01 3.993884133847699154e-04
1.600000000000000000e+01 3.958490725588852078e-04
1.700000000000000000e+01 4.267980439468426271e-04
1.800000000000000000e+01 5.954515167474086317e-04
1.900000000000000000e+01 6.056508355778165769e-04
2.000000000000000000e+01 3.124261905836936090e-04
2.100000000000000000e+01 3.054945755619425745e-04
2.200000000000000000e+01 5.690557901420862600e-04
2.300000000000000000e+01 5.014792486968271167e-04
2.400000000000000000e+01 3.897353953037107125e-04
2.500000000000000000e+01 3.853951612845872132e-04
2.600000000000000000e+01 3.360299881095208047e-04
2.700000000000000000e+01 3.014335618621420839e-04
2.800000000000000000e+01 3.082698418603176897e-04
2.900000000000000000e+01 3.013680551999984268e-04
3.000000000000000000e+01 2.556950621862286166e-04
3.100000000000000000e+01 2.454378964138641869e-04
3.200000000000000000e+01 2.355974726640076931e-04
3.300000000000000000e+01 2.822869867352576032e-04
3.400000000000000000e+01 3.279805703369157843e-04
3.500000000000000000e+01 3.791187539123324225e-04
3.600000000000000000e+01 2.535941529054553853e-04
3.700000000000000000e+01 1.865676653757874040e-04
3.800000000000000000e+01 2.323730764459418002e-04
3.900000000000000000e+01 1.582483456404948970e-04
4.000000000000000000e+01 1.532546752871600051e-04
4.100000000000000000e+01 1.818879646509882005e-04
4.200000000000000000e+01 1.829285610822207044e-04
4.300000000000000000e+01 2.322991658738959104e-04
4.400000000000000000e+01 1.860618572400005079e-04
4.500000000000000000e+01 1.429167879935159906e-04
4.600000000000000000e+01 1.549948442898982078e-04
4.700000000000000000e+01 1.638393464261126103e-04
4.800000000000000000e+01 1.335098503382719896e-04
4.900000000000000000e+01 1.342459622249693940e-04
5.000000000000000000e+01 1.272635921891851040e-04
5.100000000000000000e+01 1.051659684307417001e-04
5.200000000000000000e+01 1.055874901496375021e-04
5.300000000000000000e+01 1.364934457383937955e-04
5.400000000000000000e+01 1.534050569658709979e-04
5.500000000000000000e+01 1.210825785345554981e-04
5.600000000000000000e+01 1.149541954343460043e-04
5.700000000000000000e+01 1.351048065796205979e-04
5.800000000000000000e+01 1.236483565026303061e-04
5.900000000000000000e+01 9.977188180393731427e-05
6.000000000000000000e+01 9.343011559563793871e-05
6.100000000000000000e+01 1.214677656320086059e-04
6.200000000000000000e+01 1.108103258992122980e-04
6.300000000000000000e+01 1.064746963384321984e-04
6.400000000000000000e+01 1.175664437971744983e-04
6.500000000000000000e+01 9.952981788305175978e-05
6.600000000000000000e+01 9.315744931826655593e-05
6.700000000000000000e+01 9.045409698048832194e-05
6.800000000000000000e+01 7.486176752921414924e-05
6.900000000000000000e+01 7.481029005900252985e-05
7.000000000000000000e+01 7.412720044162773620e-05
7.100000000000000000e+01 7.564194457340490182e-05
7.200000000000000000e+01 7.720632507553476086e-05
7.300000000000000000e+01 9.737269808481559589e-05
7.400000000000000000e+01 9.606376758024646600e-05
7.500000000000000000e+01 9.528268218978316547e-05
7.600000000000000000e+01 9.590654404482806784e-05
7.700000000000000000e+01 8.031580883587919326e-05
7.800000000000000000e+01 7.453130526992188471e-05
7.900000000000000000e+01 7.556639000945213015e-05
8.000000000000000000e+01 7.414627584039635959e-05
8.100000000000000000e+01 8.431666371240062875e-05
8.200000000000000000e+01 6.933728023381292458e-05
8.300000000000000000e+01 5.571712914780031875e-05
8.400000000000000000e+01 5.944775717723280726e-05
8.500000000000000000e+01 6.761687776967248301e-05
8.600000000000000000e+01 4.852501019822839771e-05
8.700000000000000000e+01 4.183167500284865270e-05
8.800000000000000000e+01 5.399494199420595776e-05
8.900000000000000000e+01 5.648358426240821715e-05
9.000000000000000000e+01 7.007673494111359375e-05
9.100000000000000000e+01 8.137047802840782090e-05
9.200000000000000000e+01 6.150748386243978577e-05
9.300000000000000000e+01 4.930803903883773751e-05
9.400000000000000000e+01 5.399241593200894185e-05
9.500000000000000000e+01 5.884993281439199864e-05
9.600000000000000000e+01 4.691136744600158922e-05
9.700000000000000000e+01 3.766292353220363273e-05
9.800000000000000000e+01 3.836909267930482109e-05
9.900000000000000000e+01 5.041616410268672075e-05
1.000000000000000000e+02 6.197284057892354654e-05
