0.000000000000000000e+00 2.631266020499296119e-05
1.000000000000000000e+00 -1.922561419462476878e-05
2.000000000000000000e+00 1.413917170550838943e-05
3.000000000000000000e+00 1.539567331146675117e-04
4.000000000000000000e+00 2.745227585613525920e-04
5.000000000000000000e+00 2.665895211518215860e-04
6.000000000000000000e+00 1.518720139052527076e-04
7.000000000000000000e+00 3.661757092322530691e-05
8.000000000000000000e+00 2.242308437523073882e-06
9.000000000000000000e+00 3.232413865373725891e-05
1.000000000000000000e+01 5.325078001309983930e-05
1.100000000000000000e+01 3.960691669144571962e-05
1.200000000000000000e+01 2.460925361818356062e-05
1.300000000000000000e+01 2.619083217138011953e-05
1.400000000000000000e+01 3.244231910803184726e-05
1.500000000000000000e+01 3.372797955483975248e-05
1.600000000000000000e+01 2.550738260700524996e-05
1.700000000000000000e+01 1.335441527731380944e-05
1.800000000000000000e+01 1.584200060008576861e-05
1.900000000000000000e+01 2.893894627483266130e-05
2.000000000000000000e+01 2.500034532993034939e-05
2.100000000000000000e+01 4.597623516543295403e-06
2.200000000000000000e+01 -8.277034182950773544e-06
2.300000000000000000e+01 -1.128384811019881017e-05
2.400000000000000000e+01 -8.525484119710769525e-06
2.500000000000000000e+01 8.355075528408042042e-06
2.600000000000000000e+01 2.944992949978054875e-05
2.700000000000000000e+01 3.415888610074196274e-05
2.800000000000000000e+01 2.951484765879242025e-05
2.900000000000000000e+01 2.742162547739293959e-05
3.000000000000000000e+01 1.901521709812121851e-05
3.100000000000000000e+01 5.916454718013596022e-06
3.200000000000000000e+01 2.613822320947277960e-06
3.300000000000000000e+01 4.564687033722721940e-06
3.400000000000000000e+01 3.668849238936009969e-06
3.500000000000000000e+01 5.250183898233438864e-06
3.600000000000000000e+01 5.323904850547585186e-06
3.700000000000000000e+01 2.855055930523955950e-06
3.800000000000000000e+01 1.824804679867332021e-05
3.900000000000000000e+01 4.370786049190320259e-05
4.000000000000000000e+01 3.511581995355240099e-05
4.100000000000000000e+01 -3.282133160625357116e-06
4.200000000000000000e+01 -1.650812467722849054e-05
4.300000000000000000e+01 2.293485460902842175e-06
4.400000000000000000e+01 1.146786085171226016e-05
4.500000000000000000e+01 4.531245480835382580e-06
4.600000000000000000e+01 2.837129334721643921e-06
4.700000000000000000e+01 2.788614167361822944e-06
4.800000000000000000e+01 -4.155315434900067085e-06
4.900000000000000000e+01 -6.272831655135640948e-06
5.000000000000000000e+01 1.118308030740293098e-06
5.100000000000000000e+01 5.534850997125529598e-06
5.200000000000000000e+01 -3.562159232838482880e-07
5.300000000000000000e+01 -1.120745685492807053e-05
5.400000000000000000e+01 -1.533519154462108095e-05
5.500000000000000000e+01 -7.073668709784501190e-06
5.600000000000000000e+01 1.698546777914422976e-06
5.700000000000000000e+01 2.331838939048403873e-06
5.800000000000000000e+01 9.802359480543856908e-06
5.900000000000000000e+01 2.748295025734472081e-05
6.000000000000000000e+01 2.689522779252691932e-05
6.100000000000000000e+01 2.359580088184999207e-06
6.200000000000000000e+01 -9.497048047950792994e-06
6.300000000000000000e+01 3.266317010153545945e-06
6.400000000000000000e+01 9.883685862438659392e-06
6.500000000000000000e+01 1.752005429494408914e-06
6.600000000000000000e+01 2.360294776733529879e-06
6.700000000000000000e+01 1.258685162365847080e-05
6.800000000000000000e+01 1.235445051152775043e-05
6.900000000000000000e+01 3.774984112307956012e-06
7.000000000000000000e+01 1.985124888104384026e-06
7.100000000000000000e+01 4.765695558435766415e-06
7.200000000000000000e+01 3.279694608373491179e-06
7.300000000000000000e+01 -1.403622438604294978e-06
7.400000000000000000e+01 -6.649833462048726306e-06
7.500000000000000000e+01 -1.145392383579323015e-05
7.600000000000000000e+01 -1.149206412885902010e-05
7.700000000000000000e+01 -5.857570943503774315e-06
7.800000000000000000e+01 6.528284771945858986e-07
7.900000000000000000e+01 7.001730292090797277e-06
8.000000000000000000e+01 1.253367887482188049e-05
8.100000000000000000e+01 9.336443503124826430e-06
8.200000000000000000e+01 -3.353511396068361910e-06
8.300000000000000000e+01 -9.786692590334827307e-06
8.400000000000000000e+01 -1.742831356976765035e-06
8.500000000000000000e+01 5.931976598053373390e-06
8.600000000000000000e+01 9.813281016170817200e-07
8.700000000000000000e+01 -6.379478522797703746e-06
8.800000000000000000e+01 -4.420014485190554416e-06
8.900000000000000000e+01 1.272509079445134976e-06
9.000000000000000000e+01 3.040702036591263022e-06
9.100000000000000000e+01 4.766384131839898328e-06
9.200000000000000000e+01 9.335271300408026654e-06
9.300000000000000000e+01 1.057914217385641940e-05
9.400000000000000000e+01 6.400305992893343708e-06
9.500000000000000000e+01 3.800822004036905100e-06
9.600000000000000000e+01 4.772201518384675379e-06
9.700000000000000000e+01 3.493048761094915984e-06
9.800000000000000000e+01 1.199137454845202938e-06
9.900000000000000000e+01 5.320749284647947374e-06
