0.000000000000000000e+00 -4.834412333423287171e-05
1.000000000000000000e+00 3.640027241974461001e-05
2.000000000000000000e+00 1.479438589451609993e-04
3.000000000000000000e+00 2.000928385041868957e-04
4.000000000000000000e+00 1.664978494941613094e-04
5.000000000000000000e+00 1.084694088509336937e-04
6.000000000000000000e+00 7.524219375451023420e-05
7.000000000000000000e+00 4.855748396609287819e-05
8.000000000000000000e+00 1.584009467881995048e-05
9.000000000000000000e+00 1.909885598753638013e-06
1.000000000000000000e+01 6.972045511983433138e-06
1.100000000000000000e+01 4.837868420985646595e-06
1.200000000000000000e+01 -5.478214493517920066e-07
1.300000000000000000e+01 6.557377424646154370e-06
1.400000000000000000e+01 1.126092221157416069e-05
1.500000000000000000e+01 2.368982893370713909e-06
1.600000000000000000e+01 -1.983574381590487079e-06
1.700000000000000000e+01 3.418314899749948888e-06
1.800000000000000000e+01 2.522740206379056934e-06
1.900000000000000000e+01 -1.266590607674185068e-06
2.000000000000000000e+01 6.447953889526685778e-06
2.100000000000000000e+01 1.719939131859237003e-05
2.200000000000000000e+01 1.890630912437021036e-05
2.300000000000000000e+01 1.826508279475695003e-05
2.400000000000000000e+01 1.843596413591025061e-05
2.500000000000000000e+01 1.198158288866005080e-05
2.600000000000000000e+01 2.776437563503294059e-06
2.700000000000000000e+01 9.146858782694782611e-07
2.800000000000000000e+01 3.945199969653072709e-06
2.900000000000000000e+01 5.424182241477616407e-06
3.000000000000000000e+01 5.197733735253983987e-06
3.100000000000000000e+01 3.363298985608760963e-06
3.200000000000000000e+01 1.091664155506777013e-06
3.300000000000000000e+01 1.989991331646281061e-06
3.400000000000000000e+01 3.219463976069242854e-06
3.500000000000000000e+01 3.018563299779913899e-07
3.600000000000000000e+01 -1.001723178074298011e-06
3.700000000000000000e+01 3.929170405645803024e-06
3.800000000000000000e+01 7.599559165319240834e-06
3.900000000000000000e+01 5.805235163185504972e-06
4.000000000000000000e+01 4.659546705353972888e-06
4.100000000000000000e+01 5.372629585047931144e-06
4.200000000000000000e+01 3.642249779789147019e-06
4.300000000000000000e+01 1.920257605011497107e-06
4.400000000000000000e+01 3.524326450976774989e-06
4.500000000000000000e+01 4.224796586494440960e-06
4.600000000000000000e+01 2.069139252477994136e-06
4.700000000000000000e+01 1.948619000479707965e-06
4.800000000000000000e+01 5.035094779142247420e-06
4.900000000000000000e+01 6.979235226260563970e-06
5.000000000000000000e+01 6.416392372769714039e-06
5.100000000000000000e+01 5.545420979127674401e-06
5.200000000000000000e+01 5.358716668327244344e-06
5.300000000000000000e+01 5.286588005701150079e-06
5.400000000000000000e+01 4.466094487341241955e-06
5.500000000000000000e+01 2.487042920971548821e-06
5.600000000000000000e+01 3.471041797615315853e-07
5.700000000000000000e+01 -4.870906289408359743e-07
5.800000000000000000e+01 2.950457127704612164e-07
5.900000000000000000e+01 1.636046814684891014e-06
6.000000000000000000e+01 1.340587469055594047e-06
6.100000000000000000e+01 -1.401505978138036012e-06
6.200000000000000000e+01 -2.933495877917551963e-06
6.300000000000000000e+01 2.668556321607738208e-07
6.400000000000000000e+01 4.648209556275253693e-06
6.500000000000000000e+01 4.781418952740688602e-06
6.600000000000000000e+01 2.643180663343212037e-06
6.700000000000000000e+01 2.979180833618229049e-06
6.800000000000000000e+01 4.113863831936955970e-06
6.900000000000000000e+01 2.350679624671905063e-06
7.000000000000000000e+01 -5.438766187177172057e-08
7.100000000000000000e+01 3.094230836385204752e-07
7.200000000000000000e+01 1.042082579580223031e-06
7.300000000000000000e+01 -7.568453251386114225e-07
7.400000000000000000e+01 -2.252255662547718939e-06
7.500000000000000000e+01 -7.311192863895185321e-07
7.600000000000000000e+01 9.654248094734814644e-07
7.700000000000000000e+01 7.844607764945519195e-07
7.800000000000000000e+01 1.308649980875999028e-06
7.900000000000000000e+01 2.972707054504391076e-06
8.000000000000000000e+01 2.977984498913957020e-06
8.100000000000000000e+01 2.419398492808897944e-06
8.200000000000000000e+01 3.833981191374231130e-06
8.300000000000000000e+01 4.394042290985754577e-06
8.400000000000000000e+01 2.031595699309542178e-06
8.500000000000000000e+01 8.684936007131510250e-07
8.600000000000000000e+01 2.192063089755661794e-06
8.700000000000000000e+01 1.502382572496672059e-06
8.800000000000000000e+01 -1.097579660540822063e-06
8.900000000000000000e+01 -9.598263024841890384e-07
9.000000000000000000e+01 1.221299563561737071e-06
9.100000000000000000e+01 1.721609286882549012e-06
9.200000000000000000e+01 1.001964965654437949e-06
9.300000000000000000e+01 7.018621761376755888e-07
9.400000000000000000e+01 7.453133728675037196e-07
9.500000000000000000e+01 1.295785203902212010e-06
9.600000000000000000e+01 1.206135254056316006e-06
9.700000000000000000e+01 -9.890837742691851568e-07
9.800000000000000000e+01 -2.082588305714164826e-06
9.900000000000000000e+01 7.064579992069783588e-07
