0.000000000000000000e+00 -2.749041721898339745e-04
1.000000000000000000e+00 2.593516466986677113e-04
2.000000000000000000e+00 5.781007028782774023e-04
3.000000000000000000e+00 4.399090918903345807e-04
4.000000000000000000e+00 2.784539031523413917e-04
5.000000000000000000e+00 2.738727245931000219e-04
6.000000000000000000e+00 2.326099229605196926e-04
7.000000000000000000e+00 1.366525450627086101e-04
8.000000000000000000e+00 9.364786575262020797e-05
9.000000000000000000e+00 5.808257232902602687e-05
1.000000000000000000e+01 3.461593743780367101e-06
1.100000000000000000e+01 1.426314430946686971e-05
1.200000000000000000e+01 6.999102410516754318e-05
1.300000000000000000e+01 6.967855823300229652e-05
1.400000000000000000e+01 2.944916609605117082e-05
1.500000000000000000e+01 1.473976844305624964e-05
1.600000000000000000e+01 1.396634010620173955e-05
1.700000000000000000e+01 7.849975006353385093e-06
1.800000000000000000e+01 9.890267836396617876e-06
1.900000000000000000e+01 1.199292007707747034e-05
2.000000000000000000e+01 4.703993202166112365e-06
2.100000000000000000e+01 6.578805441970454282e-06
2.200000000000000000e+01 1.815497033956818960e-05
2.300000000000000000e+01 1.799541816507659067e-05
2.400000000000000000e+01 7.527087833126997892e-06
2.500000000000000000e+01 1.916806684481255015e-06
2.600000000000000000e+01 3.682386958504436083e-06
2.700000000000000000e+01 9.865897081520302436e-06
2.800000000000000000e+01 1.448055984922021951e-05
2.900000000000000000e+01 1.143643394827665049e-05
3.000000000000000000e+01 7.645851450407303200e-06
3.100000000000000000e+01 8.223028710956943989e-06
3.200000000000000000e+01 3.827712346194992386e-06
3.300000000000000000e+01 -3.270120316205728041e-06
3.400000000000000000e+01 1.335747703563965030e-06
3.500000000000000000e+01 1.024128684110294046e-05
3.600000000000000000e+01 7.125978140246499238e-06
3.700000000000000000e+01 6.133956388051731938e-07
3.800000000000000000e+01 2.799337723838168083e-06
3.900000000000000000e+01 4.182123870412745318e-06
4.000000000000000000e+01 -1.041704636600286955e-06
4.100000000000000000e+01 -1.337249374132397013e-06
4.200000000000000000e+01 6.731824584737200617e-06
4.300000000000000000e+01 1.154657556511059953e-05
4.400000000000000000e+01 7.693153151271066087e-06
4.500000000000000000e+01 2.328652401953096148e-06
4.600000000000000000e+01 1.572460036955195096e-06
4.700000000000000000e+01 3.281944618033031891e-06
4.800000000000000000e+01 4.183786351365484350e-06
4.900000000000000000e+01 5.366564848483107747e-06
5.000000000000000000e+01 6.168296419581459866e-06
5.100000000000000000e+01 3.048206479227772019e-06
5.200000000000000000e+01 -7.454729539426088984e-07
5.300000000000000000e+01 6.143968501573567030e-07
5.400000000000000000e+01 2.727668743463526881e-06
5.500000000000000000e+01 6.952076408137005117e-07
5.600000000000000000e+01 5.846154853192393426e-07
5.700000000000000000e+01 4.519076448690394291e-06
5.800000000000000000e+01 4.955159086660599760e-06
5.900000000000000000e+01 2.318479295800653952e-06
6.000000000000000000e+01 3.192891348934441154e-06
6.100000000000000000e+01 5.076929295634933896e-06
6.200000000000000000e+01 5.234678373357166948e-06
6.300000000000000000e+01 8.648149482352349585e-06
6.400000000000000000e+01 1.425511457148911973e-05
6.500000000000000000e+01 1.469999351411348023e-05
6.600000000000000000e+01 9.836458437374079897e-06
6.700000000000000000e+01 3.287762613101814104e-06
6.800000000000000000e+01 -2.348726676966347121e-06
6.900000000000000000e+01 -1.205876578399626038e-06
7.000000000000000000e+01 6.558679123629989396e-06
7.100000000000000000e+01 9.269471088524089866e-06
7.200000000000000000e+01 3.226212717709337992e-06
7.300000000000000000e+01 -1.247078577256976026e-06
7.400000000000000000e+01 6.568082608398160191e-07
7.500000000000000000e+01 4.644797896914121317e-06
7.600000000000000000e+01 7.740906161821281114e-06
7.700000000000000000e+01 7.073230657183781615e-06
7.800000000000000000e+01 2.419790492240348063e-06
7.900000000000000000e+01 1.173847490031486961e-06
8.000000000000000000e+01 5.021818158159938396e-06
8.100000000000000000e+01 5.942845298318498660e-06
8.200000000000000000e+01 4.381051531181070141e-06
8.300000000000000000e+01 6.127331157167310207e-06
8.400000000000000000e+01 5.163628774818512900e-06
8.500000000000000000e+01 -2.541777206286043095e-06
8.600000000000000000e+01 -5.949708749669008908e-06
8.700000000000000000e+01 -4.753382562165002912e-07
8.800000000000000000e+01 4.506705002482106293e-06
8.900000000000000000e+01 6.519170795528164246e-06
9.000000000000000000e+01 9.201050091433737825e-06
9.100000000000000000e+01 8.587308913035838353e-06
9.200000000000000000e+01 3.467882860717341986e-06
9.300000000000000000e+01 1.762028966149398894e-06
9.400000000000000000e+01 4.867237218419029607e-06
9.500000000000000000e+01 5.752535197823171255e-06
9.600000000000000000e+01 2.441197504439618008e-06
9.700000000000000000e+01 -1.487920823999472004e-06
9.800000000000000000e+01 -2.313418551419583075e-06
9.900000000000000000e+01 2.195827304542939811e-06
