0.000000000000000000e+00 -3.786051505196859736e-05
1.000000000000000000e+00 4.317589110907665064e-05
2.000000000000000000e+00 9.583632339359427464e-05
3.000000000000000000e+00 7.018701446899606696e-05
4.000000000000000000e+00 2.222679338947548957e-05
5.000000000000000000e+00 2.194017694626688868e-06
6.000000000000000000e+00 4.047071158532611306e-06
7.000000000000000000e+00 1.126093991395979959e-05
8.000000000000000000e+00 1.671296494300814878e-05
9.000000000000000000e+00 1.422717239197345964e-05
1.000000000000000000e+01 7.547307209461887844e-06
1.100000000000000000e+01 6.776239079609860766e-06
1.200000000000000000e+01 9.850134618218801252e-06
1.300000000000000000e+01 8.897914938708461480e-06
1.400000000000000000e+01 4.800276837289128935e-06
1.500000000000000000e+01 1.357511350754665921e-06
1.600000000000000000e+01 -2.677132603021168264e-07
1.700000000000000000e+01 1.255118573186971926e-06
1.800000000000000000e+01 3.856530876362669894e-06
1.900000000000000000e+01 3.051444440759988002e-06
2.000000000000000000e+01 1.310350832533772983e-06
2.100000000000000000e+01 3.914452586455016060e-06
2.200000000000000000e+01 8.245702692221213364e-06
2.300000000000000000e+01 9.315626686131150174e-06
2.400000000000000000e+01 7.823252432322918128e-06
2.500000000000000000e+01 5.449427642436585322e-06
2.600000000000000000e+01 2.531390681953980167e-06
2.700000000000000000e+01 1.672889297570510926e-06
2.800000000000000000e+01 4.364335170493135990e-06
2.900000000000000000e+01 7.147077829586545412e-06
3.000000000000000000e+01 6.669150938178726639e-06
3.100000000000000000e+01 3.656846235157266046e-06
3.200000000000000000e+01 7.164689037844228133e-07
3.300000000000000000e+01 9.550233231174816385e-08
3.400000000000000000e+01 1.656488513338093927e-06
3.500000000000000000e+01 2.359927869487433827e-06
3.600000000000000000e+01 1.082985599780075001e-06
3.700000000000000000e+01 8.205817331368914759e-07
3.800000000000000000e+01 2.736685499408667994e-06
3.900000000000000000e+01 3.700781922213974141e-06
4.000000000000000000e+01 2.199463502275468906e-06
4.100000000000000000e+01 6.929277637112842541e-07
4.200000000000000000e+01 1.064468125297671971e-06
4.300000000000000000e+01 2.300172430419179833e-06
4.400000000000000000e+01 2.457337266436831873e-06
4.500000000000000000e+01 7.730059428666753318e-07
4.600000000000000000e+01 -1.106681669466587914e-06
4.700000000000000000e+01 -3.328981274148094034e-07
4.800000000000000000e+01 3.042434840363060815e-06
4.900000000000000000e+01 5.380726881595447640e-06
5.000000000000000000e+01 4.912793401023190799e-06
5.100000000000000000e+01 4.243079577582358030e-06
5.200000000000000000e+01 4.872386155758377395e-06
5.300000000000000000e+01 4.174408972780958599e-06
5.400000000000000000e+01 1.209231599368765071e-06
5.500000000000000000e+01 -4.298095227011526137e-07
5.600000000000000000e+01 7.326784425663025446e-07
5.700000000000000000e+01 1.519241921352211041e-06
5.800000000000000000e+01 8.994264529501307752e-07
5.900000000000000000e+01 1.115263620045431987e-06
6.000000000000000000e+01 1.494730754833788979e-06
6.100000000000000000e+01 3.113646574127593230e-07
6.200000000000000000e+01 4.041026226000608054e-07
6.300000000000000000e+01 3.835422866673949695e-06
6.400000000000000000e+01 6.424130333683978956e-06
6.500000000000000000e+01 5.179027772572126961e-06
6.600000000000000000e+01 3.251801989617455946e-06
6.700000000000000000e+01 2.784353760385145830e-06
6.800000000000000000e+01 2.066132003861283164e-06
6.900000000000000000e+01 1.230322533902490945e-06
7.000000000000000000e+01 1.903054450828255054e-06
7.100000000000000000e+01 2.604135143700829007e-06
7.200000000000000000e+01 1.398945431121450985e-06
7.300000000000000000e+01 -1.977850389352033061e-07
7.400000000000000000e+01 -2.525782288400533231e-07
7.500000000000000000e+01 5.152229874318155037e-07
7.600000000000000000e+01 7.595193514706431527e-07
7.700000000000000000e+01 6.412820412408336762e-07
7.800000000000000000e+01 1.070473999746137960e-06
7.900000000000000000e+01 2.009154485963764813e-06
8.000000000000000000e+01 2.294222074752525900e-06
8.100000000000000000e+01 1.708018511352085036e-06
8.200000000000000000e+01 1.756777939416300997e-06
8.300000000000000000e+01 2.803237283913007011e-06
8.400000000000000000e+01 2.906675728333227096e-06
8.500000000000000000e+01 1.315442052711832947e-06
8.600000000000000000e+01 -7.996303639288827608e-09
8.700000000000000000e+01 2.055035699416286967e-07
8.800000000000000000e+01 6.694218994253871738e-07
8.900000000000000000e+01 1.990109647667829112e-07
9.000000000000000000e+01 -2.063856318592576882e-07
9.100000000000000000e+01 6.602393057396970462e-07
9.200000000000000000e+01 1.705655790469008035e-06
9.300000000000000000e+01 1.293815216478342095e-06
9.400000000000000000e+01 3.977352884720542873e-07
9.500000000000000000e+01 6.179197668410045759e-07
9.600000000000000000e+01 8.430519969795039863e-07
9.700000000000000000e+01 1.446393711754314006e-07
9.800000000000000000e+01 5.073149141267983896e-07
9.900000000000000000e+01 2.317075748886264894e-06
1.000000000000000000e+02 2.662381303160576863e-06
