0.000000000000000000e+00 0.000000000000000000e+00
1.000000000000000021e-02 2.711942516951922344e-01
1.135222579169550480e-02 2.837932161069049997e-01
1.288730304256366366e-02 2.969166162503672490e-01
1.462995739851871875e-02 3.105745885851511345e-01
1.660825797108706967e-02 3.247749988723918624e-01
1.885406944945071731e-02 3.395228443450041267e-01
2.140356534824726029e-02 3.548195462497191199e-01
2.429781065806128904e-02 3.706621161414538346e-01
2.758342328341772953e-02 3.870421776817751791e-01
3.131332492212690610e-02 4.039448242520978782e-01
3.554759348047107498e-02 4.213472916257553491e-01
4.035443075417106951e-02 4.392174245151785894e-01
4.581126096166911188e-02 4.575119163853849646e-01
5.200597782391535445e-02 4.761743039956286005e-01
5.903836027749966714e-02 4.951327023515356696e-01
6.702167962416427649e-02 5.142972729720584057e-01
7.608452400321913389e-02 5.335574296856795407e-01
8.637286957382195318e-02 5.527788029226446964e-01
9.805243176786940240e-02 5.718000073061609845e-01
1.113113344853670778e-01 5.904292901862624454e-01
1.263631402252829439e-01 6.084411827473226175e-01
1.434502899585092806e-01 6.255733326754763235e-01
1.628480081493187959e-01 6.415237701258362790e-01
1.848687358238936540e-01 6.559489482583601427e-01
2.098671630898148455e-01 6.684630059094117671e-01
2.382459421658163212e-01 6.786388205601378010e-01
2.704621729421575749e-01 6.860115481934364601e-01
3.070347655351973182e-01 6.900854704558327946e-01
3.485527984255848977e-01 6.903450679073405150e-01
3.956850068054569292e-01 6.862712791728247108e-01
4.491905539644119871e-01 6.773638443434152334e-01
5.099312592100789798e-01 6.631704077376395778e-01
5.788854792796425119e-01 6.433225990229359814e-01
6.571638668316370779e-01 6.175785477599935458e-01
7.460272598416461953e-01 5.858701526220788658e-01
8.469069900482260049e-01 5.483519025306430317e-01
9.614279375592680310e-01 5.054461966310735965e-01
1.091434702961693759e+00 4.578781351383204856e-01
1.239021318491327017e+00 4.066910468545639756e-01
1.406564976823780677e+00 3.532331959455770609e-01
1.596764320759452183e+00 2.991069713981637235e-01
1.812682910538459868e+00 2.460752456546556055e-01
2.057798568918038917e+00 1.959260615585191323e-01
2.336059398818547628e+00 1.503062032480496080e-01
2.651947375820059793e+00 1.105451209686666852e-01
3.010550539800371350e+00 7.750017470309070178e-02
3.417644948512458480e+00 5.145808730804347225e-02
3.879787713136100713e+00 3.212177666155829892e-02
4.404422614336694686e+00 1.869458337743797743e-02
5.000000000000000888e+00 1.004818349693823061e-02
