# ell |  empty |  empty |  Nl^dd CMBxCMB for cmb-only (last 500 from optLitecore-120)
2 0 0 1.0543e-08
3 0 0 9.1359e-09
4 0 0 8.6737e-09
5 0 0 8.4602e-09
6 0 0 8.3434e-09
7 0 0 8.2724e-09
8 0 0 8.2262e-09
9 0 0 8.1947e-09
10 0 0 8.1724e-09
11 0 0 8.1562e-09
12 0 0 8.1443e-09
13 0 0 8.1354e-09
14 0 0 8.1288e-09
15 0 0 8.1239e-09
16 0 0 8.1204e-09
17 0 0 8.118e-09
18 0 0 8.1164e-09
19 0 0 8.1156e-09
20 0 0 8.1154e-09
21 0 0 8.1157e-09
22 0 0 8.1165e-09
23 0 0 8.1177e-09
24 0 0 8.1192e-09
25 0 0 8.1211e-09
26 0 0 8.1233e-09
27 0 0 8.1258e-09
28 0 0 8.1286e-09
29 0 0 8.1316e-09
30 0 0 8.1348e-09
31 0 0 8.1382e-09
32 0 0 8.1419e-09
33 0 0 8.1458e-09
34 0 0 8.1499e-09
35 0 0 8.1541e-09
36 0 0 8.1586e-09
37 0 0 8.1632e-09
38 0 0 8.1681e-09
39 0 0 8.1731e-09
40 0 0 8.1783e-09
41 0 0 8.1836e-09
42 0 0 8.1892e-09
43 0 0 8.1949e-09
44 0 0 8.2007e-09
45 0 0 8.2068e-09
46 0 0 8.213e-09
47 0 0 8.2194e-09
48 0 0 8.2259e-09
49 0 0 8.2326e-09
50 0 0 8.2395e-09
51 0 0 8.2465e-09
52 0 0 8.2537e-09
53 0 0 8.261e-09
54 0 0 8.2685e-09
55 0 0 8.2762e-09
56 0 0 8.284e-09
57 0 0 8.292e-09
58 0 0 8.3001e-09
59 0 0 8.3084e-09
60 0 0 8.3168e-09
61 0 0 8.3254e-09
62 0 0 8.3342e-09
63 0 0 8.3431e-09
64 0 0 8.3521e-09
65 0 0 8.3614e-09
66 0 0 8.3707e-09
67 0 0 8.3802e-09
68 0 0 8.3899e-09
69 0 0 8.3997e-09
70 0 0 8.4097e-09
71 0 0 8.4198e-09
72 0 0 8.4301e-09
73 0 0 8.4405e-09
74 0 0 8.4511e-09
75 0 0 8.4618e-09
76 0 0 8.4726e-09
77 0 0 8.4836e-09
78 0 0 8.4948e-09
79 0 0 8.5061e-09
80 0 0 8.5175e-09
81 0 0 8.5291e-09
82 0 0 8.5408e-09
83 0 0 8.5527e-09
84 0 0 8.5647e-09
85 0 0 8.5769e-09
86 0 0 8.5892e-09
87 0 0 8.6016e-09
88 0 0 8.6142e-09
89 0 0 8.6269e-09
90 0 0 8.6398e-09
91 0 0 8.6528e-09
92 0 0 8.6659e-09
93 0 0 8.6792e-09
94 0 0 8.6926e-09
95 0 0 8.7061e-09
96 0 0 8.7198e-09
97 0 0 8.7336e-09
98 0 0 8.7476e-09
99 0 0 8.7616e-09
100 0 0 8.7758e-09
101 0 0 8.7902e-09
102 0 0 8.8046e-09
103 0 0 8.8192e-09
104 0 0 8.834e-09
105 0 0 8.8488e-09
106 0 0 8.8638e-09
107 0 0 8.8789e-09
108 0 0 8.8942e-09
109 0 0 8.9095e-09
110 0 0 8.925e-09
111 0 0 8.9406e-09
112 0 0 8.9564e-09
113 0 0 8.9722e-09
114 0 0 8.9882e-09
115 0 0 9.0043e-09
116 0 0 9.0205e-09
117 0 0 9.0369e-09
118 0 0 9.0533e-09
119 0 0 9.0699e-09
120 0 0 9.0866e-09
121 0 0 9.1034e-09
122 0 0 9.1203e-09
123 0 0 9.1373e-09
124 0 0 9.1545e-09
125 0 0 9.1717e-09
126 0 0 9.1891e-09
127 0 0 9.2066e-09
128 0 0 9.2242e-09
129 0 0 9.2419e-09
130 0 0 9.2597e-09
131 0 0 9.2776e-09
132 0 0 9.2956e-09
133 0 0 9.3137e-09
134 0 0 9.3319e-09
135 0 0 9.3503e-09
136 0 0 9.3687e-09
137 0 0 9.3872e-09
138 0 0 9.4059e-09
139 0 0 9.4246e-09
140 0 0 9.4434e-09
141 0 0 9.4623e-09
142 0 0 9.4813e-09
143 0 0 9.5005e-09
144 0 0 9.5197e-09
145 0 0 9.539e-09
146 0 0 9.5583e-09
147 0 0 9.5778e-09
148 0 0 9.5974e-09
149 0 0 9.617e-09
150 0 0 9.6368e-09
151 0 0 9.6566e-09
152 0 0 9.6765e-09
153 0 0 9.6965e-09
154 0 0 9.7166e-09
155 0 0 9.7368e-09
156 0 0 9.757e-09
157 0 0 9.7773e-09
158 0 0 9.7977e-09
159 0 0 9.8182e-09
160 0 0 9.8387e-09
161 0 0 9.8594e-09
162 0 0 9.8801e-09
163 0 0 9.9008e-09
164 0 0 9.9217e-09
165 0 0 9.9426e-09
166 0 0 9.9636e-09
167 0 0 9.9846e-09
168 0 0 1.0006e-08
169 0 0 1.0027e-08
170 0 0 1.0048e-08
171 0 0 1.0069e-08
172 0 0 1.0091e-08
173 0 0 1.0112e-08
174 0 0 1.0134e-08
175 0 0 1.0155e-08
176 0 0 1.0177e-08
177 0 0 1.0198e-08
178 0 0 1.022e-08
179 0 0 1.0242e-08
180 0 0 1.0264e-08
181 0 0 1.0286e-08
182 0 0 1.0308e-08
183 0 0 1.0329e-08
184 0 0 1.0351e-08
185 0 0 1.0373e-08
186 0 0 1.0396e-08
187 0 0 1.0418e-08
188 0 0 1.044e-08
189 0 0 1.0462e-08
190 0 0 1.0484e-08
191 0 0 1.0507e-08
192 0 0 1.0529e-08
193 0 0 1.0551e-08
194 0 0 1.0574e-08
195 0 0 1.0596e-08
196 0 0 1.0618e-08
197 0 0 1.0641e-08
198 0 0 1.0663e-08
199 0 0 1.0686e-08
200 0 0 1.0709e-08
201 0 0 1.0731e-08
202 0 0 1.0754e-08
203 0 0 1.0776e-08
204 0 0 1.0799e-08
205 0 0 1.0822e-08
206 0 0 1.0844e-08
207 0 0 1.0867e-08
208 0 0 1.089e-08
209 0 0 1.0912e-08
210 0 0 1.0935e-08
211 0 0 1.0958e-08
212 0 0 1.098e-08
213 0 0 1.1003e-08
214 0 0 1.1026e-08
215 0 0 1.1049e-08
216 0 0 1.1071e-08
217 0 0 1.1094e-08
218 0 0 1.1117e-08
219 0 0 1.114e-08
220 0 0 1.1162e-08
221 0 0 1.1185e-08
222 0 0 1.1208e-08
223 0 0 1.1231e-08
224 0 0 1.1253e-08
225 0 0 1.1276e-08
226 0 0 1.1299e-08
227 0 0 1.1321e-08
228 0 0 1.1344e-08
229 0 0 1.1367e-08
230 0 0 1.1389e-08
231 0 0 1.1412e-08
232 0 0 1.1434e-08
233 0 0 1.1457e-08
234 0 0 1.148e-08
235 0 0 1.1502e-08
236 0 0 1.1525e-08
237 0 0 1.1547e-08
238 0 0 1.157e-08
239 0 0 1.1592e-08
240 0 0 1.1614e-08
241 0 0 1.1637e-08
242 0 0 1.1659e-08
243 0 0 1.1681e-08
244 0 0 1.1704e-08
245 0 0 1.1726e-08
246 0 0 1.1748e-08
247 0 0 1.177e-08
248 0 0 1.1792e-08
249 0 0 1.1814e-08
250 0 0 1.1836e-08
251 0 0 1.1858e-08
252 0 0 1.188e-08
253 0 0 1.1902e-08
254 0 0 1.1924e-08
255 0 0 1.1946e-08
256 0 0 1.1967e-08
257 0 0 1.1989e-08
258 0 0 1.2011e-08
259 0 0 1.2032e-08
260 0 0 1.2054e-08
261 0 0 1.2075e-08
262 0 0 1.2097e-08
263 0 0 1.2118e-08
264 0 0 1.2139e-08
265 0 0 1.2161e-08
266 0 0 1.2182e-08
267 0 0 1.2203e-08
268 0 0 1.2224e-08
269 0 0 1.2245e-08
270 0 0 1.2266e-08
271 0 0 1.2287e-08
272 0 0 1.2308e-08
273 0 0 1.2328e-08
274 0 0 1.2349e-08
275 0 0 1.237e-08
276 0 0 1.239e-08
277 0 0 1.2411e-08
278 0 0 1.2431e-08
279 0 0 1.2451e-08
280 0 0 1.2472e-08
281 0 0 1.2492e-08
282 0 0 1.2512e-08
283 0 0 1.2532e-08
284 0 0 1.2552e-08
285 0 0 1.2572e-08
286 0 0 1.2591e-08
287 0 0 1.2611e-08
288 0 0 1.2631e-08
289 0 0 1.265e-08
290 0 0 1.267e-08
291 0 0 1.2689e-08
292 0 0 1.2708e-08
293 0 0 1.2728e-08
294 0 0 1.2747e-08
295 0 0 1.2766e-08
296 0 0 1.2785e-08
297 0 0 1.2804e-08
298 0 0 1.2823e-08
299 0 0 1.2841e-08
300 0 0 1.286e-08
301 0 0 1.2878e-08
302 0 0 1.2897e-08
303 0 0 1.2915e-08
304 0 0 1.2934e-08
305 0 0 1.2952e-08
306 0 0 1.297e-08
307 0 0 1.2988e-08
308 0 0 1.3006e-08
309 0 0 1.3024e-08
310 0 0 1.3041e-08
311 0 0 1.3059e-08
312 0 0 1.3077e-08
313 0 0 1.3094e-08
314 0 0 1.3111e-08
315 0 0 1.3129e-08
316 0 0 1.3146e-08
317 0 0 1.3163e-08
318 0 0 1.318e-08
319 0 0 1.3197e-08
320 0 0 1.3214e-08
321 0 0 1.323e-08
322 0 0 1.3247e-08
323 0 0 1.3264e-08
324 0 0 1.328e-08
325 0 0 1.3296e-08
326 0 0 1.3313e-08
327 0 0 1.3329e-08
328 0 0 1.3345e-08
329 0 0 1.3361e-08
330 0 0 1.3377e-08
331 0 0 1.3392e-08
332 0 0 1.3408e-08
333 0 0 1.3424e-08
334 0 0 1.3439e-08
335 0 0 1.3455e-08
336 0 0 1.347e-08
337 0 0 1.3485e-08
338 0 0 1.35e-08
339 0 0 1.3515e-08
340 0 0 1.353e-08
341 0 0 1.3545e-08
342 0 0 1.356e-08
343 0 0 1.3574e-08
344 0 0 1.3589e-08
345 0 0 1.3603e-08
346 0 0 1.3618e-08
347 0 0 1.3632e-08
348 0 0 1.3646e-08
349 0 0 1.366e-08
350 0 0 1.3674e-08
351 0 0 1.3688e-08
352 0 0 1.3702e-08
353 0 0 1.3715e-08
354 0 0 1.3729e-08
355 0 0 1.3743e-08
356 0 0 1.3756e-08
357 0 0 1.3769e-08
358 0 0 1.3783e-08
359 0 0 1.3796e-08
360 0 0 1.3809e-08
361 0 0 1.3822e-08
362 0 0 1.3835e-08
363 0 0 1.3848e-08
364 0 0 1.386e-08
365 0 0 1.3873e-08
366 0 0 1.3885e-08
367 0 0 1.3898e-08
368 0 0 1.391e-08
369 0 0 1.3923e-08
370 0 0 1.3935e-08
371 0 0 1.3947e-08
372 0 0 1.3959e-08
373 0 0 1.3971e-08
374 0 0 1.3983e-08
375 0 0 1.3995e-08
376 0 0 1.4007e-08
377 0 0 1.4018e-08
378 0 0 1.403e-08
379 0 0 1.4041e-08
380 0 0 1.4053e-08
381 0 0 1.4064e-08
382 0 0 1.4076e-08
383 0 0 1.4087e-08
384 0 0 1.4098e-08
385 0 0 1.4109e-08
386 0 0 1.412e-08
387 0 0 1.4131e-08
388 0 0 1.4142e-08
389 0 0 1.4153e-08
390 0 0 1.4164e-08
391 0 0 1.4175e-08
392 0 0 1.4185e-08
393 0 0 1.4196e-08
394 0 0 1.4207e-08
395 0 0 1.4217e-08
396 0 0 1.4228e-08
397 0 0 1.4238e-08
398 0 0 1.4249e-08
399 0 0 1.4259e-08
400 0 0 1.4269e-08
401 0 0 1.428e-08
402 0 0 1.429e-08
403 0 0 1.43e-08
404 0 0 1.431e-08
405 0 0 1.432e-08
406 0 0 1.4331e-08
407 0 0 1.4341e-08
408 0 0 1.4351e-08
409 0 0 1.4361e-08
410 0 0 1.4371e-08
411 0 0 1.4381e-08
412 0 0 1.4391e-08
413 0 0 1.4401e-08
414 0 0 1.4411e-08
415 0 0 1.4421e-08
416 0 0 1.443e-08
417 0 0 1.444e-08
418 0 0 1.445e-08
419 0 0 1.446e-08
420 0 0 1.447e-08
421 0 0 1.448e-08
422 0 0 1.449e-08
423 0 0 1.45e-08
424 0 0 1.451e-08
425 0 0 1.452e-08
426 0 0 1.453e-08
427 0 0 1.4539e-08
428 0 0 1.4549e-08
429 0 0 1.4559e-08
430 0 0 1.4569e-08
431 0 0 1.4579e-08
432 0 0 1.4589e-08
433 0 0 1.46e-08
434 0 0 1.461e-08
435 0 0 1.462e-08
436 0 0 1.463e-08
437 0 0 1.464e-08
438 0 0 1.465e-08
439 0 0 1.4661e-08
440 0 0 1.4671e-08
441 0 0 1.4681e-08
442 0 0 1.4692e-08
443 0 0 1.4702e-08
444 0 0 1.4713e-08
445 0 0 1.4723e-08
446 0 0 1.4734e-08
447 0 0 1.4744e-08
448 0 0 1.4755e-08
449 0 0 1.4766e-08
450 0 0 1.4777e-08
451 0 0 1.4788e-08
452 0 0 1.4799e-08
453 0 0 1.481e-08
454 0 0 1.4821e-08
455 0 0 1.4832e-08
456 0 0 1.4843e-08
457 0 0 1.4854e-08
458 0 0 1.4866e-08
459 0 0 1.4877e-08
460 0 0 1.4889e-08
461 0 0 1.4901e-08
462 0 0 1.4912e-08
463 0 0 1.4924e-08
464 0 0 1.4936e-08
465 0 0 1.4948e-08
466 0 0 1.496e-08
467 0 0 1.4972e-08
468 0 0 1.4984e-08
469 0 0 1.4997e-08
470 0 0 1.5009e-08
471 0 0 1.5022e-08
472 0 0 1.5035e-08
473 0 0 1.5047e-08
474 0 0 1.506e-08
475 0 0 1.5073e-08
476 0 0 1.5086e-08
477 0 0 1.5099e-08
478 0 0 1.5113e-08
479 0 0 1.5126e-08
480 0 0 1.514e-08
481 0 0 1.5153e-08
482 0 0 1.5167e-08
483 0 0 1.5181e-08
484 0 0 1.5195e-08
485 0 0 1.5209e-08
486 0 0 1.5223e-08
487 0 0 1.5237e-08
488 0 0 1.5252e-08
489 0 0 1.5266e-08
490 0 0 1.5281e-08
491 0 0 1.5296e-08
492 0 0 1.5311e-08
493 0 0 1.5326e-08
494 0 0 1.5341e-08
495 0 0 1.5356e-08
496 0 0 1.5372e-08
497 0 0 1.5387e-08
498 0 0 1.5403e-08
499 0 0 1.5419e-08
500 0 0 1.5435e-08
501 0 0 1.5451e-08
502 0 0 1.5467e-08
503 0 0 1.5483e-08
504 0 0 1.55e-08
505 0 0 1.5516e-08
506 0 0 1.5533e-08
507 0 0 1.555e-08
508 0 0 1.5567e-08
509 0 0 1.5584e-08
510 0 0 1.5601e-08
511 0 0 1.5619e-08
512 0 0 1.5636e-08
513 0 0 1.5654e-08
514 0 0 1.5672e-08
515 0 0 1.569e-08
516 0 0 1.5708e-08
517 0 0 1.5726e-08
518 0 0 1.5744e-08
519 0 0 1.5763e-08
520 0 0 1.5781e-08
521 0 0 1.58e-08
522 0 0 1.5819e-08
523 0 0 1.5838e-08
524 0 0 1.5857e-08
525 0 0 1.5876e-08
526 0 0 1.5896e-08
527 0 0 1.5916e-08
528 0 0 1.5935e-08
529 0 0 1.5955e-08
530 0 0 1.5975e-08
531 0 0 1.5995e-08
532 0 0 1.6015e-08
533 0 0 1.6036e-08
534 0 0 1.6056e-08
535 0 0 1.6077e-08
536 0 0 1.6098e-08
537 0 0 1.6119e-08
538 0 0 1.614e-08
539 0 0 1.6161e-08
540 0 0 1.6182e-08
541 0 0 1.6204e-08
542 0 0 1.6225e-08
543 0 0 1.6247e-08
544 0 0 1.6269e-08
545 0 0 1.6291e-08
546 0 0 1.6313e-08
547 0 0 1.6335e-08
548 0 0 1.6357e-08
549 0 0 1.638e-08
550 0 0 1.6402e-08
551 0 0 1.6425e-08
552 0 0 1.6448e-08
553 0 0 1.6471e-08
554 0 0 1.6494e-08
555 0 0 1.6517e-08
556 0 0 1.6541e-08
557 0 0 1.6564e-08
558 0 0 1.6588e-08
559 0 0 1.6611e-08
560 0 0 1.6635e-08
561 0 0 1.6659e-08
562 0 0 1.6683e-08
563 0 0 1.6707e-08
564 0 0 1.6731e-08
565 0 0 1.6755e-08
566 0 0 1.678e-08
567 0 0 1.6804e-08
568 0 0 1.6829e-08
569 0 0 1.6854e-08
570 0 0 1.6879e-08
571 0 0 1.6904e-08
572 0 0 1.6929e-08
573 0 0 1.6954e-08
574 0 0 1.6979e-08
575 0 0 1.7004e-08
576 0 0 1.703e-08
577 0 0 1.7055e-08
578 0 0 1.7081e-08
579 0 0 1.7106e-08
580 0 0 1.7132e-08
581 0 0 1.7158e-08
582 0 0 1.7184e-08
583 0 0 1.721e-08
584 0 0 1.7236e-08
585 0 0 1.7262e-08
586 0 0 1.7288e-08
587 0 0 1.7315e-08
588 0 0 1.7341e-08
589 0 0 1.7368e-08
590 0 0 1.7394e-08
591 0 0 1.7421e-08
592 0 0 1.7447e-08
593 0 0 1.7474e-08
594 0 0 1.7501e-08
595 0 0 1.7528e-08
596 0 0 1.7554e-08
597 0 0 1.7581e-08
598 0 0 1.7608e-08
599 0 0 1.7635e-08
600 0 0 1.7662e-08
601 0 0 1.769e-08
602 0 0 1.7717e-08
603 0 0 1.7744e-08
604 0 0 1.7771e-08
605 0 0 1.7798e-08
606 0 0 1.7826e-08
607 0 0 1.7853e-08
608 0 0 1.7881e-08
609 0 0 1.7908e-08
610 0 0 1.7935e-08
611 0 0 1.7963e-08
612 0 0 1.799e-08
613 0 0 1.8018e-08
614 0 0 1.8045e-08
615 0 0 1.8073e-08
616 0 0 1.8101e-08
617 0 0 1.8128e-08
618 0 0 1.8156e-08
619 0 0 1.8183e-08
620 0 0 1.8211e-08
621 0 0 1.8239e-08
622 0 0 1.8266e-08
623 0 0 1.8294e-08
624 0 0 1.8321e-08
625 0 0 1.8349e-08
626 0 0 1.8377e-08
627 0 0 1.8404e-08
628 0 0 1.8432e-08
629 0 0 1.8459e-08
630 0 0 1.8487e-08
631 0 0 1.8515e-08
632 0 0 1.8542e-08
633 0 0 1.857e-08
634 0 0 1.8597e-08
635 0 0 1.8625e-08
636 0 0 1.8652e-08
637 0 0 1.868e-08
638 0 0 1.8707e-08
639 0 0 1.8734e-08
640 0 0 1.8762e-08
641 0 0 1.8789e-08
642 0 0 1.8816e-08
643 0 0 1.8844e-08
644 0 0 1.8871e-08
645 0 0 1.8898e-08
646 0 0 1.8925e-08
647 0 0 1.8952e-08
648 0 0 1.8979e-08
649 0 0 1.9006e-08
650 0 0 1.9033e-08
651 0 0 1.906e-08
652 0 0 1.9087e-08
653 0 0 1.9114e-08
654 0 0 1.9141e-08
655 0 0 1.9167e-08
656 0 0 1.9194e-08
657 0 0 1.9221e-08
658 0 0 1.9247e-08
659 0 0 1.9274e-08
660 0 0 1.93e-08
661 0 0 1.9326e-08
662 0 0 1.9353e-08
663 0 0 1.9379e-08
664 0 0 1.9405e-08
665 0 0 1.9431e-08
666 0 0 1.9457e-08
667 0 0 1.9483e-08
668 0 0 1.9509e-08
669 0 0 1.9535e-08
670 0 0 1.9561e-08
671 0 0 1.9587e-08
672 0 0 1.9612e-08
673 0 0 1.9638e-08
674 0 0 1.9664e-08
675 0 0 1.9689e-08
676 0 0 1.9715e-08
677 0 0 1.974e-08
678 0 0 1.9765e-08
679 0 0 1.979e-08
680 0 0 1.9816e-08
681 0 0 1.9841e-08
682 0 0 1.9866e-08
683 0 0 1.9891e-08
684 0 0 1.9916e-08
685 0 0 1.994e-08
686 0 0 1.9965e-08
687 0 0 1.999e-08
688 0 0 2.0015e-08
689 0 0 2.0039e-08
690 0 0 2.0064e-08
691 0 0 2.0088e-08
692 0 0 2.0113e-08
693 0 0 2.0137e-08
694 0 0 2.0161e-08
695 0 0 2.0185e-08
696 0 0 2.021e-08
697 0 0 2.0234e-08
698 0 0 2.0258e-08
699 0 0 2.0282e-08
700 0 0 2.0306e-08
701 0 0 2.033e-08
702 0 0 2.0353e-08
703 0 0 2.0377e-08
704 0 0 2.0401e-08
705 0 0 2.0425e-08
706 0 0 2.0448e-08
707 0 0 2.0472e-08
708 0 0 2.0496e-08
709 0 0 2.0519e-08
710 0 0 2.0543e-08
711 0 0 2.0566e-08
712 0 0 2.0589e-08
713 0 0 2.0613e-08
714 0 0 2.0636e-08
715 0 0 2.0659e-08
716 0 0 2.0683e-08
717 0 0 2.0706e-08
718 0 0 2.0729e-08
719 0 0 2.0752e-08
720 0 0 2.0776e-08
721 0 0 2.0799e-08
722 0 0 2.0822e-08
723 0 0 2.0845e-08
724 0 0 2.0868e-08
725 0 0 2.0891e-08
726 0 0 2.0914e-08
727 0 0 2.0937e-08
728 0 0 2.096e-08
729 0 0 2.0984e-08
730 0 0 2.1007e-08
731 0 0 2.103e-08
732 0 0 2.1053e-08
733 0 0 2.1076e-08
734 0 0 2.1099e-08
735 0 0 2.1122e-08
736 0 0 2.1145e-08
737 0 0 2.1168e-08
738 0 0 2.1191e-08
739 0 0 2.1214e-08
740 0 0 2.1237e-08
741 0 0 2.1261e-08
742 0 0 2.1284e-08
743 0 0 2.1307e-08
744 0 0 2.133e-08
745 0 0 2.1354e-08
746 0 0 2.1377e-08
747 0 0 2.14e-08
748 0 0 2.1424e-08
749 0 0 2.1447e-08
750 0 0 2.147e-08
751 0 0 2.1494e-08
752 0 0 2.1518e-08
753 0 0 2.1541e-08
754 0 0 2.1565e-08
755 0 0 2.1588e-08
756 0 0 2.1612e-08
757 0 0 2.1636e-08
758 0 0 2.166e-08
759 0 0 2.1684e-08
760 0 0 2.1708e-08
761 0 0 2.1732e-08
762 0 0 2.1756e-08
763 0 0 2.178e-08
764 0 0 2.1804e-08
765 0 0 2.1829e-08
766 0 0 2.1853e-08
767 0 0 2.1878e-08
768 0 0 2.1902e-08
769 0 0 2.1927e-08
770 0 0 2.1952e-08
771 0 0 2.1977e-08
772 0 0 2.2002e-08
773 0 0 2.2027e-08
774 0 0 2.2052e-08
775 0 0 2.2077e-08
776 0 0 2.2102e-08
777 0 0 2.2128e-08
778 0 0 2.2153e-08
779 0 0 2.2179e-08
780 0 0 2.2204e-08
781 0 0 2.223e-08
782 0 0 2.2256e-08
783 0 0 2.2282e-08
784 0 0 2.2308e-08
785 0 0 2.2335e-08
786 0 0 2.2361e-08
787 0 0 2.2388e-08
788 0 0 2.2414e-08
789 0 0 2.2441e-08
790 0 0 2.2468e-08
791 0 0 2.2495e-08
792 0 0 2.2522e-08
793 0 0 2.2549e-08
794 0 0 2.2577e-08
795 0 0 2.2604e-08
796 0 0 2.2632e-08
797 0 0 2.266e-08
798 0 0 2.2688e-08
799 0 0 2.2716e-08
800 0 0 2.2744e-08
801 0 0 2.2772e-08
802 0 0 2.2801e-08
803 0 0 2.283e-08
804 0 0 2.2858e-08
805 0 0 2.2887e-08
806 0 0 2.2916e-08
807 0 0 2.2946e-08
808 0 0 2.2975e-08
809 0 0 2.3005e-08
810 0 0 2.3034e-08
811 0 0 2.3064e-08
812 0 0 2.3094e-08
813 0 0 2.3124e-08
814 0 0 2.3155e-08
815 0 0 2.3185e-08
816 0 0 2.3216e-08
817 0 0 2.3246e-08
818 0 0 2.3277e-08
819 0 0 2.3308e-08
820 0 0 2.334e-08
821 0 0 2.3371e-08
822 0 0 2.3403e-08
823 0 0 2.3435e-08
824 0 0 2.3466e-08
825 0 0 2.3499e-08
826 0 0 2.3531e-08
827 0 0 2.3563e-08
828 0 0 2.3596e-08
829 0 0 2.3629e-08
830 0 0 2.3662e-08
831 0 0 2.3695e-08
832 0 0 2.3728e-08
833 0 0 2.3761e-08
834 0 0 2.3795e-08
835 0 0 2.3829e-08
836 0 0 2.3863e-08
837 0 0 2.3897e-08
838 0 0 2.3931e-08
839 0 0 2.3966e-08
840 0 0 2.4e-08
841 0 0 2.4035e-08
842 0 0 2.407e-08
843 0 0 2.4105e-08
844 0 0 2.4141e-08
845 0 0 2.4176e-08
846 0 0 2.4212e-08
847 0 0 2.4248e-08
848 0 0 2.4284e-08
849 0 0 2.432e-08
850 0 0 2.4356e-08
851 0 0 2.4393e-08
852 0 0 2.4429e-08
853 0 0 2.4466e-08
854 0 0 2.4503e-08
855 0 0 2.454e-08
856 0 0 2.4578e-08
857 0 0 2.4615e-08
858 0 0 2.4653e-08
859 0 0 2.4691e-08
860 0 0 2.4729e-08
861 0 0 2.4767e-08
862 0 0 2.4805e-08
863 0 0 2.4844e-08
864 0 0 2.4882e-08
865 0 0 2.4921e-08
866 0 0 2.496e-08
867 0 0 2.4999e-08
868 0 0 2.5039e-08
869 0 0 2.5078e-08
870 0 0 2.5118e-08
871 0 0 2.5157e-08
872 0 0 2.5197e-08
873 0 0 2.5237e-08
874 0 0 2.5277e-08
875 0 0 2.5318e-08
876 0 0 2.5358e-08
877 0 0 2.5399e-08
878 0 0 2.544e-08
879 0 0 2.5481e-08
880 0 0 2.5522e-08
881 0 0 2.5563e-08
882 0 0 2.5604e-08
883 0 0 2.5646e-08
884 0 0 2.5687e-08
885 0 0 2.5729e-08
886 0 0 2.5771e-08
887 0 0 2.5813e-08
888 0 0 2.5855e-08
889 0 0 2.5897e-08
890 0 0 2.594e-08
891 0 0 2.5982e-08
892 0 0 2.6025e-08
893 0 0 2.6067e-08
894 0 0 2.611e-08
895 0 0 2.6153e-08
896 0 0 2.6196e-08
897 0 0 2.6239e-08
898 0 0 2.6283e-08
899 0 0 2.6326e-08
900 0 0 2.637e-08
901 0 0 2.6413e-08
902 0 0 2.6457e-08
903 0 0 2.6501e-08
904 0 0 2.6545e-08
905 0 0 2.6589e-08
906 0 0 2.6633e-08
907 0 0 2.6677e-08
908 0 0 2.6721e-08
909 0 0 2.6765e-08
910 0 0 2.681e-08
911 0 0 2.6854e-08
912 0 0 2.6899e-08
913 0 0 2.6943e-08
914 0 0 2.6988e-08
915 0 0 2.7033e-08
916 0 0 2.7078e-08
917 0 0 2.7122e-08
918 0 0 2.7167e-08
919 0 0 2.7212e-08
920 0 0 2.7257e-08
921 0 0 2.7303e-08
922 0 0 2.7348e-08
923 0 0 2.7393e-08
924 0 0 2.7438e-08
925 0 0 2.7483e-08
926 0 0 2.7529e-08
927 0 0 2.7574e-08
928 0 0 2.7619e-08
929 0 0 2.7665e-08
930 0 0 2.771e-08
931 0 0 2.7756e-08
932 0 0 2.7801e-08
933 0 0 2.7847e-08
934 0 0 2.7892e-08
935 0 0 2.7938e-08
936 0 0 2.7983e-08
937 0 0 2.8029e-08
938 0 0 2.8074e-08
939 0 0 2.812e-08
940 0 0 2.8166e-08
941 0 0 2.8211e-08
942 0 0 2.8257e-08
943 0 0 2.8302e-08
944 0 0 2.8348e-08
945 0 0 2.8393e-08
946 0 0 2.8439e-08
947 0 0 2.8484e-08
948 0 0 2.853e-08
949 0 0 2.8575e-08
950 0 0 2.8621e-08
951 0 0 2.8666e-08
952 0 0 2.8711e-08
953 0 0 2.8757e-08
954 0 0 2.8802e-08
955 0 0 2.8847e-08
956 0 0 2.8893e-08
957 0 0 2.8938e-08
958 0 0 2.8983e-08
959 0 0 2.9028e-08
960 0 0 2.9073e-08
961 0 0 2.9118e-08
962 0 0 2.9163e-08
963 0 0 2.9208e-08
964 0 0 2.9253e-08
965 0 0 2.9298e-08
966 0 0 2.9342e-08
967 0 0 2.9387e-08
968 0 0 2.9432e-08
969 0 0 2.9476e-08
970 0 0 2.9521e-08
971 0 0 2.9565e-08
972 0 0 2.9609e-08
973 0 0 2.9654e-08
974 0 0 2.9698e-08
975 0 0 2.9742e-08
976 0 0 2.9786e-08
977 0 0 2.983e-08
978 0 0 2.9874e-08
979 0 0 2.9917e-08
980 0 0 2.9961e-08
981 0 0 3.0005e-08
982 0 0 3.0048e-08
983 0 0 3.0092e-08
984 0 0 3.0135e-08
985 0 0 3.0178e-08
986 0 0 3.0222e-08
987 0 0 3.0265e-08
988 0 0 3.0308e-08
989 0 0 3.0351e-08
990 0 0 3.0394e-08
991 0 0 3.0436e-08
992 0 0 3.0479e-08
993 0 0 3.0522e-08
994 0 0 3.0564e-08
995 0 0 3.0606e-08
996 0 0 3.0649e-08
997 0 0 3.0691e-08
998 0 0 3.0733e-08
999 0 0 3.0775e-08
1000 0 0 3.0817e-08
1001 0 0 3.0859e-08
1002 0 0 3.0901e-08
1003 0 0 3.0942e-08
1004 0 0 3.0984e-08
1005 0 0 3.1025e-08
1006 0 0 3.1067e-08
1007 0 0 3.1108e-08
1008 0 0 3.1149e-08
1009 0 0 3.119e-08
1010 0 0 3.1231e-08
1011 0 0 3.1272e-08
1012 0 0 3.1313e-08
1013 0 0 3.1354e-08
1014 0 0 3.1395e-08
1015 0 0 3.1435e-08
1016 0 0 3.1476e-08
1017 0 0 3.1516e-08
1018 0 0 3.1557e-08
1019 0 0 3.1597e-08
1020 0 0 3.1637e-08
1021 0 0 3.1677e-08
1022 0 0 3.1717e-08
1023 0 0 3.1757e-08
1024 0 0 3.1797e-08
1025 0 0 3.1837e-08
1026 0 0 3.1877e-08
1027 0 0 3.1917e-08
1028 0 0 3.1957e-08
1029 0 0 3.1996e-08
1030 0 0 3.2036e-08
1031 0 0 3.2075e-08
1032 0 0 3.2115e-08
1033 0 0 3.2154e-08
1034 0 0 3.2193e-08
1035 0 0 3.2233e-08
1036 0 0 3.2272e-08
1037 0 0 3.2311e-08
1038 0 0 3.235e-08
1039 0 0 3.239e-08
1040 0 0 3.2429e-08
1041 0 0 3.2468e-08
1042 0 0 3.2507e-08
1043 0 0 3.2546e-08
1044 0 0 3.2585e-08
1045 0 0 3.2624e-08
1046 0 0 3.2663e-08
1047 0 0 3.2702e-08
1048 0 0 3.2741e-08
1049 0 0 3.278e-08
1050 0 0 3.2818e-08
1051 0 0 3.2857e-08
1052 0 0 3.2896e-08
1053 0 0 3.2935e-08
1054 0 0 3.2974e-08
1055 0 0 3.3013e-08
1056 0 0 3.3052e-08
1057 0 0 3.3091e-08
1058 0 0 3.3129e-08
1059 0 0 3.3168e-08
1060 0 0 3.3207e-08
1061 0 0 3.3246e-08
1062 0 0 3.3285e-08
1063 0 0 3.3324e-08
1064 0 0 3.3363e-08
1065 0 0 3.3402e-08
1066 0 0 3.3441e-08
1067 0 0 3.3481e-08
1068 0 0 3.352e-08
1069 0 0 3.3559e-08
1070 0 0 3.3598e-08
1071 0 0 3.3637e-08
1072 0 0 3.3677e-08
1073 0 0 3.3716e-08
1074 0 0 3.3756e-08
1075 0 0 3.3795e-08
1076 0 0 3.3835e-08
1077 0 0 3.3874e-08
1078 0 0 3.3914e-08
1079 0 0 3.3954e-08
1080 0 0 3.3994e-08
1081 0 0 3.4034e-08
1082 0 0 3.4074e-08
1083 0 0 3.4114e-08
1084 0 0 3.4154e-08
1085 0 0 3.4194e-08
1086 0 0 3.4234e-08
1087 0 0 3.4275e-08
1088 0 0 3.4315e-08
1089 0 0 3.4356e-08
1090 0 0 3.4397e-08
1091 0 0 3.4438e-08
1092 0 0 3.4478e-08
1093 0 0 3.452e-08
1094 0 0 3.4561e-08
1095 0 0 3.4602e-08
1096 0 0 3.4643e-08
1097 0 0 3.4685e-08
1098 0 0 3.4726e-08
1099 0 0 3.4768e-08
1100 0 0 3.481e-08
1101 0 0 3.4852e-08
1102 0 0 3.4894e-08
1103 0 0 3.4936e-08
1104 0 0 3.4978e-08
1105 0 0 3.5021e-08
1106 0 0 3.5063e-08
1107 0 0 3.5106e-08
1108 0 0 3.5149e-08
1109 0 0 3.5192e-08
1110 0 0 3.5235e-08
1111 0 0 3.5278e-08
1112 0 0 3.5322e-08
1113 0 0 3.5365e-08
1114 0 0 3.5409e-08
1115 0 0 3.5453e-08
1116 0 0 3.5497e-08
1117 0 0 3.5541e-08
1118 0 0 3.5586e-08
1119 0 0 3.563e-08
1120 0 0 3.5675e-08
1121 0 0 3.5719e-08
1122 0 0 3.5764e-08
1123 0 0 3.581e-08
1124 0 0 3.5855e-08
1125 0 0 3.59e-08
1126 0 0 3.5946e-08
1127 0 0 3.5992e-08
1128 0 0 3.6038e-08
1129 0 0 3.6084e-08
1130 0 0 3.613e-08
1131 0 0 3.6176e-08
1132 0 0 3.6223e-08
1133 0 0 3.627e-08
1134 0 0 3.6317e-08
1135 0 0 3.6364e-08
1136 0 0 3.6411e-08
1137 0 0 3.6459e-08
1138 0 0 3.6506e-08
1139 0 0 3.6554e-08
1140 0 0 3.6602e-08
1141 0 0 3.665e-08
1142 0 0 3.6699e-08
1143 0 0 3.6747e-08
1144 0 0 3.6796e-08
1145 0 0 3.6845e-08
1146 0 0 3.6894e-08
1147 0 0 3.6943e-08
1148 0 0 3.6993e-08
1149 0 0 3.7042e-08
1150 0 0 3.7092e-08
1151 0 0 3.7142e-08
1152 0 0 3.7192e-08
1153 0 0 3.7242e-08
1154 0 0 3.7293e-08
1155 0 0 3.7343e-08
1156 0 0 3.7394e-08
1157 0 0 3.7445e-08
1158 0 0 3.7496e-08
1159 0 0 3.7548e-08
1160 0 0 3.7599e-08
1161 0 0 3.7651e-08
1162 0 0 3.7703e-08
1163 0 0 3.7755e-08
1164 0 0 3.7807e-08
1165 0 0 3.7859e-08
1166 0 0 3.7912e-08
1167 0 0 3.7964e-08
1168 0 0 3.8017e-08
1169 0 0 3.807e-08
1170 0 0 3.8123e-08
1171 0 0 3.8177e-08
1172 0 0 3.823e-08
1173 0 0 3.8284e-08
1174 0 0 3.8338e-08
1175 0 0 3.8391e-08
1176 0 0 3.8446e-08
1177 0 0 3.85e-08
1178 0 0 3.8554e-08
1179 0 0 3.8609e-08
1180 0 0 3.8663e-08
1181 0 0 3.8718e-08
1182 0 0 3.8773e-08
1183 0 0 3.8828e-08
1184 0 0 3.8884e-08
1185 0 0 3.8939e-08
1186 0 0 3.8995e-08
1187 0 0 3.905e-08
1188 0 0 3.9106e-08
1189 0 0 3.9162e-08
1190 0 0 3.9218e-08
1191 0 0 3.9274e-08
1192 0 0 3.9331e-08
1193 0 0 3.9387e-08
1194 0 0 3.9444e-08
1195 0 0 3.95e-08
1196 0 0 3.9557e-08
1197 0 0 3.9614e-08
1198 0 0 3.9671e-08
1199 0 0 3.9728e-08
1200 0 0 3.9785e-08
1201 0 0 3.9843e-08
1202 0 0 3.99e-08
1203 0 0 3.9957e-08
1204 0 0 4.0015e-08
1205 0 0 4.0073e-08
1206 0 0 4.013e-08
1207 0 0 4.0188e-08
1208 0 0 4.0246e-08
1209 0 0 4.0304e-08
1210 0 0 4.0362e-08
1211 0 0 4.042e-08
1212 0 0 4.0479e-08
1213 0 0 4.0537e-08
1214 0 0 4.0595e-08
1215 0 0 4.0654e-08
1216 0 0 4.0712e-08
1217 0 0 4.0771e-08
1218 0 0 4.0829e-08
1219 0 0 4.0888e-08
1220 0 0 4.0946e-08
1221 0 0 4.1005e-08
1222 0 0 4.1064e-08
1223 0 0 4.1123e-08
1224 0 0 4.1181e-08
1225 0 0 4.124e-08
1226 0 0 4.1299e-08
1227 0 0 4.1358e-08
1228 0 0 4.1417e-08
1229 0 0 4.1476e-08
1230 0 0 4.1535e-08
1231 0 0 4.1593e-08
1232 0 0 4.1652e-08
1233 0 0 4.1711e-08
1234 0 0 4.177e-08
1235 0 0 4.1829e-08
1236 0 0 4.1888e-08
1237 0 0 4.1947e-08
1238 0 0 4.2006e-08
1239 0 0 4.2065e-08
1240 0 0 4.2123e-08
1241 0 0 4.2182e-08
1242 0 0 4.2241e-08
1243 0 0 4.23e-08
1244 0 0 4.2358e-08
1245 0 0 4.2417e-08
1246 0 0 4.2476e-08
1247 0 0 4.2534e-08
1248 0 0 4.2593e-08
1249 0 0 4.2651e-08
1250 0 0 4.271e-08
1251 0 0 4.2768e-08
1252 0 0 4.2826e-08
1253 0 0 4.2885e-08
1254 0 0 4.2943e-08
1255 0 0 4.3001e-08
1256 0 0 4.3059e-08
1257 0 0 4.3117e-08
1258 0 0 4.3175e-08
1259 0 0 4.3233e-08
1260 0 0 4.3291e-08
1261 0 0 4.3348e-08
1262 0 0 4.3406e-08
1263 0 0 4.3463e-08
1264 0 0 4.3521e-08
1265 0 0 4.3578e-08
1266 0 0 4.3635e-08
1267 0 0 4.3692e-08
1268 0 0 4.3749e-08
1269 0 0 4.3806e-08
1270 0 0 4.3863e-08
1271 0 0 4.392e-08
1272 0 0 4.3976e-08
1273 0 0 4.4033e-08
1274 0 0 4.4089e-08
1275 0 0 4.4145e-08
1276 0 0 4.4201e-08
1277 0 0 4.4258e-08
1278 0 0 4.4313e-08
1279 0 0 4.4369e-08
1280 0 0 4.4425e-08
1281 0 0 4.448e-08
1282 0 0 4.4536e-08
1283 0 0 4.4591e-08
1284 0 0 4.4646e-08
1285 0 0 4.4701e-08
1286 0 0 4.4756e-08
1287 0 0 4.4811e-08
1288 0 0 4.4865e-08
1289 0 0 4.492e-08
1290 0 0 4.4974e-08
1291 0 0 4.5029e-08
1292 0 0 4.5083e-08
1293 0 0 4.5137e-08
1294 0 0 4.519e-08
1295 0 0 4.5244e-08
1296 0 0 4.5298e-08
1297 0 0 4.5351e-08
1298 0 0 4.5404e-08
1299 0 0 4.5458e-08
1300 0 0 4.5511e-08
1301 0 0 4.5563e-08
1302 0 0 4.5616e-08
1303 0 0 4.5669e-08
1304 0 0 4.5721e-08
1305 0 0 4.5774e-08
1306 0 0 4.5826e-08
1307 0 0 4.5878e-08
1308 0 0 4.593e-08
1309 0 0 4.5981e-08
1310 0 0 4.6033e-08
1311 0 0 4.6085e-08
1312 0 0 4.6136e-08
1313 0 0 4.6187e-08
1314 0 0 4.6238e-08
1315 0 0 4.6289e-08
1316 0 0 4.634e-08
1317 0 0 4.6391e-08
1318 0 0 4.6442e-08
1319 0 0 4.6492e-08
1320 0 0 4.6543e-08
1321 0 0 4.6593e-08
1322 0 0 4.6643e-08
1323 0 0 4.6693e-08
1324 0 0 4.6743e-08
1325 0 0 4.6793e-08
1326 0 0 4.6842e-08
1327 0 0 4.6892e-08
1328 0 0 4.6942e-08
1329 0 0 4.6991e-08
1330 0 0 4.704e-08
1331 0 0 4.7089e-08
1332 0 0 4.7138e-08
1333 0 0 4.7187e-08
1334 0 0 4.7236e-08
1335 0 0 4.7285e-08
1336 0 0 4.7334e-08
1337 0 0 4.7382e-08
1338 0 0 4.7431e-08
1339 0 0 4.7479e-08
1340 0 0 4.7528e-08
1341 0 0 4.7576e-08
1342 0 0 4.7624e-08
1343 0 0 4.7672e-08
1344 0 0 4.772e-08
1345 0 0 4.7768e-08
1346 0 0 4.7816e-08
1347 0 0 4.7864e-08
1348 0 0 4.7912e-08
1349 0 0 4.796e-08
1350 0 0 4.8007e-08
1351 0 0 4.8055e-08
1352 0 0 4.8103e-08
1353 0 0 4.815e-08
1354 0 0 4.8198e-08
1355 0 0 4.8245e-08
1356 0 0 4.8293e-08
1357 0 0 4.834e-08
1358 0 0 4.8388e-08
1359 0 0 4.8435e-08
1360 0 0 4.8482e-08
1361 0 0 4.853e-08
1362 0 0 4.8577e-08
1363 0 0 4.8624e-08
1364 0 0 4.8672e-08
1365 0 0 4.8719e-08
1366 0 0 4.8766e-08
1367 0 0 4.8814e-08
1368 0 0 4.8861e-08
1369 0 0 4.8908e-08
1370 0 0 4.8956e-08
1371 0 0 4.9003e-08
1372 0 0 4.905e-08
1373 0 0 4.9098e-08
1374 0 0 4.9145e-08
1375 0 0 4.9192e-08
1376 0 0 4.924e-08
1377 0 0 4.9287e-08
1378 0 0 4.9335e-08
1379 0 0 4.9383e-08
1380 0 0 4.943e-08
1381 0 0 4.9478e-08
1382 0 0 4.9526e-08
1383 0 0 4.9573e-08
1384 0 0 4.9621e-08
1385 0 0 4.9669e-08
1386 0 0 4.9717e-08
1387 0 0 4.9765e-08
1388 0 0 4.9813e-08
1389 0 0 4.9861e-08
1390 0 0 4.991e-08
1391 0 0 4.9958e-08
1392 0 0 5.0007e-08
1393 0 0 5.0055e-08
1394 0 0 5.0104e-08
1395 0 0 5.0152e-08
1396 0 0 5.0201e-08
1397 0 0 5.025e-08
1398 0 0 5.0299e-08
1399 0 0 5.0348e-08
1400 0 0 5.0397e-08
1401 0 0 5.0447e-08
1402 0 0 5.0496e-08
1403 0 0 5.0546e-08
1404 0 0 5.0595e-08
1405 0 0 5.0645e-08
1406 0 0 5.0695e-08
1407 0 0 5.0745e-08
1408 0 0 5.0795e-08
1409 0 0 5.0845e-08
1410 0 0 5.0896e-08
1411 0 0 5.0946e-08
1412 0 0 5.0997e-08
1413 0 0 5.1048e-08
1414 0 0 5.1099e-08
1415 0 0 5.115e-08
1416 0 0 5.1201e-08
1417 0 0 5.1253e-08
1418 0 0 5.1304e-08
1419 0 0 5.1356e-08
1420 0 0 5.1408e-08
1421 0 0 5.146e-08
1422 0 0 5.1512e-08
1423 0 0 5.1564e-08
1424 0 0 5.1617e-08
1425 0 0 5.167e-08
1426 0 0 5.1722e-08
1427 0 0 5.1775e-08
1428 0 0 5.1829e-08
1429 0 0 5.1882e-08
1430 0 0 5.1936e-08
1431 0 0 5.1989e-08
1432 0 0 5.2043e-08
1433 0 0 5.2097e-08
1434 0 0 5.2152e-08
1435 0 0 5.2206e-08
1436 0 0 5.2261e-08
1437 0 0 5.2315e-08
1438 0 0 5.237e-08
1439 0 0 5.2426e-08
1440 0 0 5.2481e-08
1441 0 0 5.2537e-08
1442 0 0 5.2592e-08
1443 0 0 5.2648e-08
1444 0 0 5.2704e-08
1445 0 0 5.2761e-08
1446 0 0 5.2817e-08
1447 0 0 5.2874e-08
1448 0 0 5.2931e-08
1449 0 0 5.2988e-08
1450 0 0 5.3045e-08
1451 0 0 5.3103e-08
1452 0 0 5.3161e-08
1453 0 0 5.3219e-08
1454 0 0 5.3277e-08
1455 0 0 5.3335e-08
1456 0 0 5.3393e-08
1457 0 0 5.3452e-08
1458 0 0 5.3511e-08
1459 0 0 5.357e-08
1460 0 0 5.3629e-08
1461 0 0 5.3689e-08
1462 0 0 5.3749e-08
1463 0 0 5.3808e-08
1464 0 0 5.3869e-08
1465 0 0 5.3929e-08
1466 0 0 5.3989e-08
1467 0 0 5.405e-08
1468 0 0 5.4111e-08
1469 0 0 5.4172e-08
1470 0 0 5.4233e-08
1471 0 0 5.4295e-08
1472 0 0 5.4356e-08
1473 0 0 5.4418e-08
1474 0 0 5.448e-08
1475 0 0 5.4543e-08
1476 0 0 5.4605e-08
1477 0 0 5.4668e-08
1478 0 0 5.473e-08
1479 0 0 5.4793e-08
1480 0 0 5.4857e-08
1481 0 0 5.492e-08
1482 0 0 5.4984e-08
1483 0 0 5.5047e-08
1484 0 0 5.5111e-08
1485 0 0 5.5175e-08
1486 0 0 5.524e-08
1487 0 0 5.5304e-08
1488 0 0 5.5369e-08
1489 0 0 5.5434e-08
1490 0 0 5.5499e-08
1491 0 0 5.5564e-08
1492 0 0 5.5629e-08
1493 0 0 5.5695e-08
1494 0 0 5.576e-08
1495 0 0 5.5826e-08
1496 0 0 5.5892e-08
1497 0 0 5.5958e-08
1498 0 0 5.6025e-08
1499 0 0 5.6091e-08
1500 0 0 5.6158e-08
1501 0 0 5.6225e-08
1502 0 0 5.6292e-08
1503 0 0 5.6359e-08
1504 0 0 5.6426e-08
1505 0 0 5.6493e-08
1506 0 0 5.6561e-08
1507 0 0 5.6628e-08
1508 0 0 5.6696e-08
1509 0 0 5.6764e-08
1510 0 0 5.6832e-08
1511 0 0 5.69e-08
1512 0 0 5.6969e-08
1513 0 0 5.7037e-08
1514 0 0 5.7106e-08
1515 0 0 5.7174e-08
1516 0 0 5.7243e-08
1517 0 0 5.7312e-08
1518 0 0 5.7381e-08
1519 0 0 5.745e-08
1520 0 0 5.7519e-08
1521 0 0 5.7589e-08
1522 0 0 5.7658e-08
1523 0 0 5.7727e-08
1524 0 0 5.7797e-08
1525 0 0 5.7867e-08
1526 0 0 5.7936e-08
1527 0 0 5.8006e-08
1528 0 0 5.8076e-08
1529 0 0 5.8146e-08
1530 0 0 5.8216e-08
1531 0 0 5.8286e-08
1532 0 0 5.8356e-08
1533 0 0 5.8426e-08
1534 0 0 5.8496e-08
1535 0 0 5.8567e-08
1536 0 0 5.8637e-08
1537 0 0 5.8707e-08
1538 0 0 5.8777e-08
1539 0 0 5.8848e-08
1540 0 0 5.8918e-08
1541 0 0 5.8989e-08
1542 0 0 5.9059e-08
1543 0 0 5.913e-08
1544 0 0 5.92e-08
1545 0 0 5.9271e-08
1546 0 0 5.9341e-08
1547 0 0 5.9412e-08
1548 0 0 5.9482e-08
1549 0 0 5.9552e-08
1550 0 0 5.9623e-08
1551 0 0 5.9693e-08
1552 0 0 5.9764e-08
1553 0 0 5.9834e-08
1554 0 0 5.9905e-08
1555 0 0 5.9975e-08
1556 0 0 6.0045e-08
1557 0 0 6.0115e-08
1558 0 0 6.0186e-08
1559 0 0 6.0256e-08
1560 0 0 6.0326e-08
1561 0 0 6.0396e-08
1562 0 0 6.0466e-08
1563 0 0 6.0536e-08
1564 0 0 6.0606e-08
1565 0 0 6.0676e-08
1566 0 0 6.0745e-08
1567 0 0 6.0815e-08
1568 0 0 6.0884e-08
1569 0 0 6.0954e-08
1570 0 0 6.1023e-08
1571 0 0 6.1093e-08
1572 0 0 6.1162e-08
1573 0 0 6.1231e-08
1574 0 0 6.13e-08
1575 0 0 6.1369e-08
1576 0 0 6.1438e-08
1577 0 0 6.1507e-08
1578 0 0 6.1575e-08
1579 0 0 6.1644e-08
1580 0 0 6.1712e-08
1581 0 0 6.178e-08
1582 0 0 6.1849e-08
1583 0 0 6.1917e-08
1584 0 0 6.1985e-08
1585 0 0 6.2052e-08
1586 0 0 6.212e-08
1587 0 0 6.2188e-08
1588 0 0 6.2255e-08
1589 0 0 6.2322e-08
1590 0 0 6.239e-08
1591 0 0 6.2457e-08
1592 0 0 6.2524e-08
1593 0 0 6.259e-08
1594 0 0 6.2657e-08
1595 0 0 6.2723e-08
1596 0 0 6.279e-08
1597 0 0 6.2856e-08
1598 0 0 6.2922e-08
1599 0 0 6.2988e-08
1600 0 0 6.3054e-08
1601 0 0 6.3119e-08
1602 0 0 6.3185e-08
1603 0 0 6.325e-08
1604 0 0 6.3315e-08
1605 0 0 6.338e-08
1606 0 0 6.3445e-08
1607 0 0 6.351e-08
1608 0 0 6.3575e-08
1609 0 0 6.3639e-08
1610 0 0 6.3703e-08
1611 0 0 6.3767e-08
1612 0 0 6.3831e-08
1613 0 0 6.3895e-08
1614 0 0 6.3959e-08
1615 0 0 6.4023e-08
1616 0 0 6.4086e-08
1617 0 0 6.4149e-08
1618 0 0 6.4212e-08
1619 0 0 6.4275e-08
1620 0 0 6.4338e-08
1621 0 0 6.4401e-08
1622 0 0 6.4463e-08
1623 0 0 6.4526e-08
1624 0 0 6.4588e-08
1625 0 0 6.465e-08
1626 0 0 6.4712e-08
1627 0 0 6.4774e-08
1628 0 0 6.4836e-08
1629 0 0 6.4897e-08
1630 0 0 6.4959e-08
1631 0 0 6.502e-08
1632 0 0 6.5081e-08
1633 0 0 6.5142e-08
1634 0 0 6.5203e-08
1635 0 0 6.5264e-08
1636 0 0 6.5325e-08
1637 0 0 6.5385e-08
1638 0 0 6.5446e-08
1639 0 0 6.5506e-08
1640 0 0 6.5566e-08
1641 0 0 6.5626e-08
1642 0 0 6.5686e-08
1643 0 0 6.5746e-08
1644 0 0 6.5806e-08
1645 0 0 6.5866e-08
1646 0 0 6.5925e-08
1647 0 0 6.5985e-08
1648 0 0 6.6044e-08
1649 0 0 6.6104e-08
1650 0 0 6.6163e-08
1651 0 0 6.6222e-08
1652 0 0 6.6281e-08
1653 0 0 6.634e-08
1654 0 0 6.6399e-08
1655 0 0 6.6458e-08
1656 0 0 6.6516e-08
1657 0 0 6.6575e-08
1658 0 0 6.6634e-08
1659 0 0 6.6692e-08
1660 0 0 6.6751e-08
1661 0 0 6.6809e-08
1662 0 0 6.6868e-08
1663 0 0 6.6926e-08
1664 0 0 6.6984e-08
1665 0 0 6.7042e-08
1666 0 0 6.7101e-08
1667 0 0 6.7159e-08
1668 0 0 6.7217e-08
1669 0 0 6.7275e-08
1670 0 0 6.7333e-08
1671 0 0 6.7391e-08
1672 0 0 6.7449e-08
1673 0 0 6.7507e-08
1674 0 0 6.7565e-08
1675 0 0 6.7623e-08
1676 0 0 6.7681e-08
1677 0 0 6.7739e-08
1678 0 0 6.7797e-08
1679 0 0 6.7855e-08
1680 0 0 6.7913e-08
1681 0 0 6.7971e-08
1682 0 0 6.8029e-08
1683 0 0 6.8087e-08
1684 0 0 6.8145e-08
1685 0 0 6.8203e-08
1686 0 0 6.8261e-08
1687 0 0 6.832e-08
1688 0 0 6.8378e-08
1689 0 0 6.8436e-08
1690 0 0 6.8494e-08
1691 0 0 6.8552e-08
1692 0 0 6.8611e-08
1693 0 0 6.8669e-08
1694 0 0 6.8728e-08
1695 0 0 6.8786e-08
1696 0 0 6.8845e-08
1697 0 0 6.8903e-08
1698 0 0 6.8962e-08
1699 0 0 6.9021e-08
1700 0 0 6.908e-08
1701 0 0 6.9139e-08
1702 0 0 6.9198e-08
1703 0 0 6.9257e-08
1704 0 0 6.9316e-08
1705 0 0 6.9375e-08
1706 0 0 6.9435e-08
1707 0 0 6.9494e-08
1708 0 0 6.9554e-08
1709 0 0 6.9613e-08
1710 0 0 6.9673e-08
1711 0 0 6.9733e-08
1712 0 0 6.9793e-08
1713 0 0 6.9853e-08
1714 0 0 6.9913e-08
1715 0 0 6.9974e-08
1716 0 0 7.0034e-08
1717 0 0 7.0095e-08
1718 0 0 7.0155e-08
1719 0 0 7.0216e-08
1720 0 0 7.0277e-08
1721 0 0 7.0338e-08
1722 0 0 7.04e-08
1723 0 0 7.0461e-08
1724 0 0 7.0523e-08
1725 0 0 7.0584e-08
1726 0 0 7.0646e-08
1727 0 0 7.0708e-08
1728 0 0 7.077e-08
1729 0 0 7.0833e-08
1730 0 0 7.0895e-08
1731 0 0 7.0958e-08
1732 0 0 7.102e-08
1733 0 0 7.1083e-08
1734 0 0 7.1146e-08
1735 0 0 7.121e-08
1736 0 0 7.1273e-08
1737 0 0 7.1337e-08
1738 0 0 7.14e-08
1739 0 0 7.1464e-08
1740 0 0 7.1528e-08
1741 0 0 7.1593e-08
1742 0 0 7.1657e-08
1743 0 0 7.1722e-08
1744 0 0 7.1787e-08
1745 0 0 7.1852e-08
1746 0 0 7.1917e-08
1747 0 0 7.1982e-08
1748 0 0 7.2048e-08
1749 0 0 7.2114e-08
1750 0 0 7.218e-08
1751 0 0 7.2246e-08
1752 0 0 7.2312e-08
1753 0 0 7.2379e-08
1754 0 0 7.2445e-08
1755 0 0 7.2512e-08
1756 0 0 7.2579e-08
1757 0 0 7.2647e-08
1758 0 0 7.2714e-08
1759 0 0 7.2782e-08
1760 0 0 7.285e-08
1761 0 0 7.2918e-08
1762 0 0 7.2986e-08
1763 0 0 7.3055e-08
1764 0 0 7.3123e-08
1765 0 0 7.3192e-08
1766 0 0 7.3261e-08
1767 0 0 7.3331e-08
1768 0 0 7.34e-08
1769 0 0 7.347e-08
1770 0 0 7.354e-08
1771 0 0 7.361e-08
1772 0 0 7.368e-08
1773 0 0 7.3751e-08
1774 0 0 7.3821e-08
1775 0 0 7.3892e-08
1776 0 0 7.3963e-08
1777 0 0 7.4035e-08
1778 0 0 7.4106e-08
1779 0 0 7.4178e-08
1780 0 0 7.425e-08
1781 0 0 7.4322e-08
1782 0 0 7.4394e-08
1783 0 0 7.4467e-08
1784 0 0 7.454e-08
1785 0 0 7.4613e-08
1786 0 0 7.4686e-08
1787 0 0 7.4759e-08
1788 0 0 7.4832e-08
1789 0 0 7.4906e-08
1790 0 0 7.498e-08
1791 0 0 7.5054e-08
1792 0 0 7.5129e-08
1793 0 0 7.5203e-08
1794 0 0 7.5278e-08
1795 0 0 7.5353e-08
1796 0 0 7.5428e-08
1797 0 0 7.5503e-08
1798 0 0 7.5578e-08
1799 0 0 7.5654e-08
1800 0 0 7.573e-08
1801 0 0 7.5806e-08
1802 0 0 7.5882e-08
1803 0 0 7.5959e-08
1804 0 0 7.6035e-08
1805 0 0 7.6112e-08
1806 0 0 7.6189e-08
1807 0 0 7.6266e-08
1808 0 0 7.6343e-08
1809 0 0 7.642e-08
1810 0 0 7.6498e-08
1811 0 0 7.6576e-08
1812 0 0 7.6654e-08
1813 0 0 7.6732e-08
1814 0 0 7.681e-08
1815 0 0 7.6888e-08
1816 0 0 7.6967e-08
1817 0 0 7.7046e-08
1818 0 0 7.7125e-08
1819 0 0 7.7204e-08
1820 0 0 7.7283e-08
1821 0 0 7.7362e-08
1822 0 0 7.7441e-08
1823 0 0 7.7521e-08
1824 0 0 7.7601e-08
1825 0 0 7.7681e-08
1826 0 0 7.7761e-08
1827 0 0 7.7841e-08
1828 0 0 7.7921e-08
1829 0 0 7.8001e-08
1830 0 0 7.8082e-08
1831 0 0 7.8162e-08
1832 0 0 7.8243e-08
1833 0 0 7.8324e-08
1834 0 0 7.8404e-08
1835 0 0 7.8485e-08
1836 0 0 7.8566e-08
1837 0 0 7.8648e-08
1838 0 0 7.8729e-08
1839 0 0 7.881e-08
1840 0 0 7.8892e-08
1841 0 0 7.8973e-08
1842 0 0 7.9055e-08
1843 0 0 7.9136e-08
1844 0 0 7.9218e-08
1845 0 0 7.9299e-08
1846 0 0 7.9381e-08
1847 0 0 7.9463e-08
1848 0 0 7.9545e-08
1849 0 0 7.9627e-08
1850 0 0 7.9709e-08
1851 0 0 7.9791e-08
1852 0 0 7.9873e-08
1853 0 0 7.9955e-08
1854 0 0 8.0037e-08
1855 0 0 8.0119e-08
1856 0 0 8.0201e-08
1857 0 0 8.0283e-08
1858 0 0 8.0365e-08
1859 0 0 8.0447e-08
1860 0 0 8.0529e-08
1861 0 0 8.0611e-08
1862 0 0 8.0693e-08
1863 0 0 8.0775e-08
1864 0 0 8.0857e-08
1865 0 0 8.0939e-08
1866 0 0 8.1021e-08
1867 0 0 8.1103e-08
1868 0 0 8.1185e-08
1869 0 0 8.1267e-08
1870 0 0 8.1349e-08
1871 0 0 8.143e-08
1872 0 0 8.1512e-08
1873 0 0 8.1594e-08
1874 0 0 8.1675e-08
1875 0 0 8.1757e-08
1876 0 0 8.1838e-08
1877 0 0 8.192e-08
1878 0 0 8.2001e-08
1879 0 0 8.2082e-08
1880 0 0 8.2163e-08
1881 0 0 8.2244e-08
1882 0 0 8.2325e-08
1883 0 0 8.2406e-08
1884 0 0 8.2487e-08
1885 0 0 8.2568e-08
1886 0 0 8.2648e-08
1887 0 0 8.2729e-08
1888 0 0 8.2809e-08
1889 0 0 8.289e-08
1890 0 0 8.297e-08
1891 0 0 8.305e-08
1892 0 0 8.313e-08
1893 0 0 8.321e-08
1894 0 0 8.329e-08
1895 0 0 8.3369e-08
1896 0 0 8.3449e-08
1897 0 0 8.3528e-08
1898 0 0 8.3608e-08
1899 0 0 8.3687e-08
1900 0 0 8.3766e-08
1901 0 0 8.3845e-08
1902 0 0 8.3924e-08
1903 0 0 8.4003e-08
1904 0 0 8.4081e-08
1905 0 0 8.416e-08
1906 0 0 8.4238e-08
1907 0 0 8.4317e-08
1908 0 0 8.4395e-08
1909 0 0 8.4473e-08
1910 0 0 8.4551e-08
1911 0 0 8.4629e-08
1912 0 0 8.4706e-08
1913 0 0 8.4784e-08
1914 0 0 8.4861e-08
1915 0 0 8.4939e-08
1916 0 0 8.5016e-08
1917 0 0 8.5093e-08
1918 0 0 8.517e-08
1919 0 0 8.5247e-08
1920 0 0 8.5324e-08
1921 0 0 8.54e-08
1922 0 0 8.5477e-08
1923 0 0 8.5553e-08
1924 0 0 8.563e-08
1925 0 0 8.5706e-08
1926 0 0 8.5782e-08
1927 0 0 8.5858e-08
1928 0 0 8.5934e-08
1929 0 0 8.601e-08
1930 0 0 8.6085e-08
1931 0 0 8.6161e-08
1932 0 0 8.6237e-08
1933 0 0 8.6312e-08
1934 0 0 8.6387e-08
1935 0 0 8.6462e-08
1936 0 0 8.6538e-08
1937 0 0 8.6613e-08
1938 0 0 8.6688e-08
1939 0 0 8.6763e-08
1940 0 0 8.6837e-08
1941 0 0 8.6912e-08
1942 0 0 8.6987e-08
1943 0 0 8.7061e-08
1944 0 0 8.7136e-08
1945 0 0 8.721e-08
1946 0 0 8.7285e-08
1947 0 0 8.7359e-08
1948 0 0 8.7433e-08
1949 0 0 8.7507e-08
1950 0 0 8.7582e-08
1951 0 0 8.7656e-08
1952 0 0 8.773e-08
1953 0 0 8.7804e-08
1954 0 0 8.7878e-08
1955 0 0 8.7952e-08
1956 0 0 8.8026e-08
1957 0 0 8.81e-08
1958 0 0 8.8174e-08
1959 0 0 8.8247e-08
1960 0 0 8.8321e-08
1961 0 0 8.8395e-08
1962 0 0 8.8469e-08
1963 0 0 8.8543e-08
1964 0 0 8.8617e-08
1965 0 0 8.869e-08
1966 0 0 8.8764e-08
1967 0 0 8.8838e-08
1968 0 0 8.8912e-08
1969 0 0 8.8986e-08
1970 0 0 8.906e-08
1971 0 0 8.9134e-08
1972 0 0 8.9208e-08
1973 0 0 8.9282e-08
1974 0 0 8.9356e-08
1975 0 0 8.943e-08
1976 0 0 8.9504e-08
1977 0 0 8.9578e-08
1978 0 0 8.9652e-08
1979 0 0 8.9726e-08
1980 0 0 8.9801e-08
1981 0 0 8.9875e-08
1982 0 0 8.995e-08
1983 0 0 9.0024e-08
1984 0 0 9.0099e-08
1985 0 0 9.0174e-08
1986 0 0 9.0249e-08
1987 0 0 9.0324e-08
1988 0 0 9.0399e-08
1989 0 0 9.0474e-08
1990 0 0 9.0549e-08
1991 0 0 9.0624e-08
1992 0 0 9.07e-08
1993 0 0 9.0776e-08
1994 0 0 9.0851e-08
1995 0 0 9.0927e-08
1996 0 0 9.1003e-08
1997 0 0 9.1079e-08
1998 0 0 9.1156e-08
1999 0 0 9.1232e-08
2000 0 0 9.1309e-08
2001 0 0 9.1386e-08
2002 0 0 9.1463e-08
2003 0 0 9.154e-08
2004 0 0 9.1617e-08
2005 0 0 9.1695e-08
2006 0 0 9.1772e-08
2007 0 0 9.185e-08
2008 0 0 9.1928e-08
2009 0 0 9.2006e-08
2010 0 0 9.2085e-08
2011 0 0 9.2163e-08
2012 0 0 9.2242e-08
2013 0 0 9.2321e-08
2014 0 0 9.2401e-08
2015 0 0 9.248e-08
2016 0 0 9.256e-08
2017 0 0 9.264e-08
2018 0 0 9.272e-08
2019 0 0 9.2801e-08
2020 0 0 9.2882e-08
2021 0 0 9.2963e-08
2022 0 0 9.3044e-08
2023 0 0 9.3126e-08
2024 0 0 9.3207e-08
2025 0 0 9.3289e-08
2026 0 0 9.3372e-08
2027 0 0 9.3454e-08
2028 0 0 9.3537e-08
2029 0 0 9.3621e-08
2030 0 0 9.3704e-08
2031 0 0 9.3788e-08
2032 0 0 9.3872e-08
2033 0 0 9.3957e-08
2034 0 0 9.4041e-08
2035 0 0 9.4126e-08
2036 0 0 9.4212e-08
2037 0 0 9.4297e-08
2038 0 0 9.4383e-08
2039 0 0 9.447e-08
2040 0 0 9.4557e-08
2041 0 0 9.4644e-08
2042 0 0 9.4731e-08
2043 0 0 9.4819e-08
2044 0 0 9.4907e-08
2045 0 0 9.4995e-08
2046 0 0 9.5084e-08
2047 0 0 9.5173e-08
2048 0 0 9.5263e-08
2049 0 0 9.5353e-08
2050 0 0 9.5443e-08
2051 0 0 9.5534e-08
2052 0 0 9.5625e-08
2053 0 0 9.5717e-08
2054 0 0 9.5808e-08
2055 0 0 9.5901e-08
2056 0 0 9.5993e-08
2057 0 0 9.6086e-08
2058 0 0 9.618e-08
2059 0 0 9.6274e-08
2060 0 0 9.6368e-08
2061 0 0 9.6463e-08
2062 0 0 9.6558e-08
2063 0 0 9.6654e-08
2064 0 0 9.675e-08
2065 0 0 9.6846e-08
2066 0 0 9.6943e-08
2067 0 0 9.7041e-08
2068 0 0 9.7138e-08
2069 0 0 9.7237e-08
2070 0 0 9.7335e-08
2071 0 0 9.7435e-08
2072 0 0 9.7534e-08
2073 0 0 9.7634e-08
2074 0 0 9.7735e-08
2075 0 0 9.7836e-08
2076 0 0 9.7937e-08
2077 0 0 9.8039e-08
2078 0 0 9.8142e-08
2079 0 0 9.8245e-08
2080 0 0 9.8348e-08
2081 0 0 9.8452e-08
2082 0 0 9.8557e-08
2083 0 0 9.8661e-08
2084 0 0 9.8767e-08
2085 0 0 9.8873e-08
2086 0 0 9.8979e-08
2087 0 0 9.9086e-08
2088 0 0 9.9194e-08
2089 0 0 9.9302e-08
2090 0 0 9.941e-08
2091 0 0 9.9519e-08
2092 0 0 9.9629e-08
2093 0 0 9.9739e-08
2094 0 0 9.9849e-08
2095 0 0 9.996e-08
2096 0 0 1.0007e-07
2097 0 0 1.0018e-07
2098 0 0 1.003e-07
2099 0 0 1.0041e-07
2100 0 0 1.0052e-07
2101 0 0 1.0064e-07
2102 0 0 1.0075e-07
2103 0 0 1.0087e-07
2104 0 0 1.0098e-07
2105 0 0 1.011e-07
2106 0 0 1.0122e-07
2107 0 0 1.0134e-07
2108 0 0 1.0145e-07
2109 0 0 1.0157e-07
2110 0 0 1.0169e-07
2111 0 0 1.0181e-07
2112 0 0 1.0193e-07
2113 0 0 1.0205e-07
2114 0 0 1.0218e-07
2115 0 0 1.023e-07
2116 0 0 1.0242e-07
2117 0 0 1.0254e-07
2118 0 0 1.0267e-07
2119 0 0 1.0279e-07
2120 0 0 1.0292e-07
2121 0 0 1.0304e-07
2122 0 0 1.0317e-07
2123 0 0 1.033e-07
2124 0 0 1.0342e-07
2125 0 0 1.0355e-07
2126 0 0 1.0368e-07
2127 0 0 1.0381e-07
2128 0 0 1.0394e-07
2129 0 0 1.0407e-07
2130 0 0 1.042e-07
2131 0 0 1.0433e-07
2132 0 0 1.0447e-07
2133 0 0 1.046e-07
2134 0 0 1.0473e-07
2135 0 0 1.0487e-07
2136 0 0 1.05e-07
2137 0 0 1.0514e-07
2138 0 0 1.0527e-07
2139 0 0 1.0541e-07
2140 0 0 1.0554e-07
2141 0 0 1.0568e-07
2142 0 0 1.0582e-07
2143 0 0 1.0596e-07
2144 0 0 1.061e-07
2145 0 0 1.0624e-07
2146 0 0 1.0638e-07
2147 0 0 1.0652e-07
2148 0 0 1.0666e-07
2149 0 0 1.068e-07
2150 0 0 1.0695e-07
2151 0 0 1.0709e-07
2152 0 0 1.0723e-07
2153 0 0 1.0738e-07
2154 0 0 1.0752e-07
2155 0 0 1.0767e-07
2156 0 0 1.0781e-07
2157 0 0 1.0796e-07
2158 0 0 1.0811e-07
2159 0 0 1.0825e-07
2160 0 0 1.084e-07
2161 0 0 1.0855e-07
2162 0 0 1.087e-07
2163 0 0 1.0885e-07
2164 0 0 1.09e-07
2165 0 0 1.0915e-07
2166 0 0 1.093e-07
2167 0 0 1.0945e-07
2168 0 0 1.096e-07
2169 0 0 1.0976e-07
2170 0 0 1.0991e-07
2171 0 0 1.1006e-07
2172 0 0 1.1021e-07
2173 0 0 1.1037e-07
2174 0 0 1.1052e-07
2175 0 0 1.1068e-07
2176 0 0 1.1083e-07
2177 0 0 1.1099e-07
2178 0 0 1.1114e-07
2179 0 0 1.113e-07
2180 0 0 1.1145e-07
2181 0 0 1.1161e-07
2182 0 0 1.1177e-07
2183 0 0 1.1192e-07
2184 0 0 1.1208e-07
2185 0 0 1.1224e-07
2186 0 0 1.124e-07
2187 0 0 1.1256e-07
2188 0 0 1.1271e-07
2189 0 0 1.1287e-07
2190 0 0 1.1303e-07
2191 0 0 1.1319e-07
2192 0 0 1.1335e-07
2193 0 0 1.1351e-07
2194 0 0 1.1367e-07
2195 0 0 1.1383e-07
2196 0 0 1.1399e-07
2197 0 0 1.1415e-07
2198 0 0 1.1431e-07
2199 0 0 1.1447e-07
2200 0 0 1.1463e-07
2201 0 0 1.1479e-07
2202 0 0 1.1495e-07
2203 0 0 1.1511e-07
2204 0 0 1.1528e-07
2205 0 0 1.1544e-07
2206 0 0 1.156e-07
2207 0 0 1.1576e-07
2208 0 0 1.1592e-07
2209 0 0 1.1608e-07
2210 0 0 1.1625e-07
2211 0 0 1.1641e-07
2212 0 0 1.1657e-07
2213 0 0 1.1673e-07
2214 0 0 1.169e-07
2215 0 0 1.1706e-07
2216 0 0 1.1722e-07
2217 0 0 1.1738e-07
2218 0 0 1.1755e-07
2219 0 0 1.1771e-07
2220 0 0 1.1787e-07
2221 0 0 1.1803e-07
2222 0 0 1.182e-07
2223 0 0 1.1836e-07
2224 0 0 1.1852e-07
2225 0 0 1.1869e-07
2226 0 0 1.1885e-07
2227 0 0 1.1901e-07
2228 0 0 1.1918e-07
2229 0 0 1.1934e-07
2230 0 0 1.195e-07
2231 0 0 1.1966e-07
2232 0 0 1.1983e-07
2233 0 0 1.1999e-07
2234 0 0 1.2015e-07
2235 0 0 1.2032e-07
2236 0 0 1.2048e-07
2237 0 0 1.2064e-07
2238 0 0 1.2081e-07
2239 0 0 1.2097e-07
2240 0 0 1.2113e-07
2241 0 0 1.213e-07
2242 0 0 1.2146e-07
2243 0 0 1.2162e-07
2244 0 0 1.2179e-07
2245 0 0 1.2195e-07
2246 0 0 1.2211e-07
2247 0 0 1.2228e-07
2248 0 0 1.2244e-07
2249 0 0 1.226e-07
2250 0 0 1.2277e-07
2251 0 0 1.2293e-07
2252 0 0 1.231e-07
2253 0 0 1.2326e-07
2254 0 0 1.2342e-07
2255 0 0 1.2359e-07
2256 0 0 1.2375e-07
2257 0 0 1.2391e-07
2258 0 0 1.2408e-07
2259 0 0 1.2424e-07
2260 0 0 1.244e-07
2261 0 0 1.2457e-07
2262 0 0 1.2473e-07
2263 0 0 1.2489e-07
2264 0 0 1.2506e-07
2265 0 0 1.2522e-07
2266 0 0 1.2538e-07
2267 0 0 1.2555e-07
2268 0 0 1.2571e-07
2269 0 0 1.2588e-07
2270 0 0 1.2604e-07
2271 0 0 1.262e-07
2272 0 0 1.2637e-07
2273 0 0 1.2653e-07
2274 0 0 1.2669e-07
2275 0 0 1.2686e-07
2276 0 0 1.2702e-07
2277 0 0 1.2719e-07
2278 0 0 1.2735e-07
2279 0 0 1.2751e-07
2280 0 0 1.2768e-07
2281 0 0 1.2784e-07
2282 0 0 1.2801e-07
2283 0 0 1.2817e-07
2284 0 0 1.2834e-07
2285 0 0 1.285e-07
2286 0 0 1.2867e-07
2287 0 0 1.2883e-07
2288 0 0 1.2899e-07
2289 0 0 1.2916e-07
2290 0 0 1.2932e-07
2291 0 0 1.2949e-07
2292 0 0 1.2965e-07
2293 0 0 1.2982e-07
2294 0 0 1.2998e-07
2295 0 0 1.3015e-07
2296 0 0 1.3032e-07
2297 0 0 1.3048e-07
2298 0 0 1.3065e-07
2299 0 0 1.3081e-07
2300 0 0 1.3098e-07
2301 0 0 1.3114e-07
2302 0 0 1.3131e-07
2303 0 0 1.3148e-07
2304 0 0 1.3164e-07
2305 0 0 1.3181e-07
2306 0 0 1.3198e-07
2307 0 0 1.3214e-07
2308 0 0 1.3231e-07
2309 0 0 1.3248e-07
2310 0 0 1.3264e-07
2311 0 0 1.3281e-07
2312 0 0 1.3298e-07
2313 0 0 1.3315e-07
2314 0 0 1.3332e-07
2315 0 0 1.3348e-07
2316 0 0 1.3365e-07
2317 0 0 1.3382e-07
2318 0 0 1.3399e-07
2319 0 0 1.3416e-07
2320 0 0 1.3433e-07
2321 0 0 1.345e-07
2322 0 0 1.3467e-07
2323 0 0 1.3484e-07
2324 0 0 1.3501e-07
2325 0 0 1.3518e-07
2326 0 0 1.3535e-07
2327 0 0 1.3552e-07
2328 0 0 1.3569e-07
2329 0 0 1.3586e-07
2330 0 0 1.3603e-07
2331 0 0 1.362e-07
2332 0 0 1.3637e-07
2333 0 0 1.3655e-07
2334 0 0 1.3672e-07
2335 0 0 1.3689e-07
2336 0 0 1.3707e-07
2337 0 0 1.3724e-07
2338 0 0 1.3741e-07
2339 0 0 1.3759e-07
2340 0 0 1.3776e-07
2341 0 0 1.3793e-07
2342 0 0 1.3811e-07
2343 0 0 1.3828e-07
2344 0 0 1.3846e-07
2345 0 0 1.3864e-07
2346 0 0 1.3881e-07
2347 0 0 1.3899e-07
2348 0 0 1.3917e-07
2349 0 0 1.3934e-07
2350 0 0 1.3952e-07
2351 0 0 1.397e-07
2352 0 0 1.3988e-07
2353 0 0 1.4005e-07
2354 0 0 1.4023e-07
2355 0 0 1.4041e-07
2356 0 0 1.4059e-07
2357 0 0 1.4077e-07
2358 0 0 1.4095e-07
2359 0 0 1.4113e-07
2360 0 0 1.4131e-07
2361 0 0 1.4149e-07
2362 0 0 1.4168e-07
2363 0 0 1.4186e-07
2364 0 0 1.4204e-07
2365 0 0 1.4222e-07
2366 0 0 1.4241e-07
2367 0 0 1.4259e-07
2368 0 0 1.4277e-07
2369 0 0 1.4296e-07
2370 0 0 1.4314e-07
2371 0 0 1.4333e-07
2372 0 0 1.4351e-07
2373 0 0 1.437e-07
2374 0 0 1.4389e-07
2375 0 0 1.4407e-07
2376 0 0 1.4426e-07
2377 0 0 1.4445e-07
2378 0 0 1.4464e-07
2379 0 0 1.4482e-07
2380 0 0 1.4501e-07
2381 0 0 1.452e-07
2382 0 0 1.4539e-07
2383 0 0 1.4558e-07
2384 0 0 1.4577e-07
2385 0 0 1.4597e-07
2386 0 0 1.4616e-07
2387 0 0 1.4635e-07
2388 0 0 1.4654e-07
2389 0 0 1.4673e-07
2390 0 0 1.4693e-07
2391 0 0 1.4712e-07
2392 0 0 1.4732e-07
2393 0 0 1.4751e-07
2394 0 0 1.4771e-07
2395 0 0 1.479e-07
2396 0 0 1.481e-07
2397 0 0 1.483e-07
2398 0 0 1.4849e-07
2399 0 0 1.4869e-07
2400 0 0 1.4889e-07
2401 0 0 1.4909e-07
2402 0 0 1.4929e-07
2403 0 0 1.4949e-07
2404 0 0 1.4969e-07
2405 0 0 1.4989e-07
2406 0 0 1.5009e-07
2407 0 0 1.5029e-07
2408 0 0 1.5049e-07
2409 0 0 1.5069e-07
2410 0 0 1.509e-07
2411 0 0 1.511e-07
2412 0 0 1.513e-07
2413 0 0 1.5151e-07
2414 0 0 1.5171e-07
2415 0 0 1.5192e-07
2416 0 0 1.5212e-07
2417 0 0 1.5233e-07
2418 0 0 1.5254e-07
2419 0 0 1.5274e-07
2420 0 0 1.5295e-07
2421 0 0 1.5316e-07
2422 0 0 1.5337e-07
2423 0 0 1.5358e-07
2424 0 0 1.5379e-07
2425 0 0 1.54e-07
2426 0 0 1.5421e-07
2427 0 0 1.5442e-07
2428 0 0 1.5463e-07
2429 0 0 1.5484e-07
2430 0 0 1.5505e-07
2431 0 0 1.5527e-07
2432 0 0 1.5548e-07
2433 0 0 1.5569e-07
2434 0 0 1.5591e-07
2435 0 0 1.5612e-07
2436 0 0 1.5634e-07
2437 0 0 1.5655e-07
2438 0 0 1.5677e-07
2439 0 0 1.5698e-07
2440 0 0 1.572e-07
2441 0 0 1.5742e-07
2442 0 0 1.5763e-07
2443 0 0 1.5785e-07
2444 0 0 1.5807e-07
2445 0 0 1.5829e-07
2446 0 0 1.5851e-07
2447 0 0 1.5873e-07
2448 0 0 1.5895e-07
2449 0 0 1.5917e-07
2450 0 0 1.5939e-07
2451 0 0 1.5961e-07
2452 0 0 1.5983e-07
2453 0 0 1.6005e-07
2454 0 0 1.6027e-07
2455 0 0 1.605e-07
2456 0 0 1.6072e-07
2457 0 0 1.6094e-07
2458 0 0 1.6116e-07
2459 0 0 1.6139e-07
2460 0 0 1.6161e-07
2461 0 0 1.6183e-07
2462 0 0 1.6206e-07
2463 0 0 1.6228e-07
2464 0 0 1.6251e-07
2465 0 0 1.6273e-07
2466 0 0 1.6296e-07
2467 0 0 1.6318e-07
2468 0 0 1.6341e-07
2469 0 0 1.6363e-07
2470 0 0 1.6386e-07
2471 0 0 1.6408e-07
2472 0 0 1.6431e-07
2473 0 0 1.6453e-07
2474 0 0 1.6476e-07
2475 0 0 1.6498e-07
2476 0 0 1.6521e-07
2477 0 0 1.6544e-07
2478 0 0 1.6566e-07
2479 0 0 1.6589e-07
2480 0 0 1.6611e-07
2481 0 0 1.6634e-07
2482 0 0 1.6656e-07
2483 0 0 1.6679e-07
2484 0 0 1.6701e-07
2485 0 0 1.6724e-07
2486 0 0 1.6746e-07
2487 0 0 1.6769e-07
2488 0 0 1.6791e-07
2489 0 0 1.6814e-07
2490 0 0 1.6836e-07
2491 0 0 1.6859e-07
2492 0 0 1.6881e-07
2493 0 0 1.6903e-07
2494 0 0 1.6926e-07
2495 0 0 1.6948e-07
2496 0 0 1.697e-07
2497 0 0 1.6993e-07
2498 0 0 1.7015e-07
2499 0 0 1.7037e-07
2500 0 0 1.7059e-07
2501 0 0 4.077872e-07
2502 0 0 4.0847808e-07
2503 0 0 4.0917048e-07
2504 0 0 4.0986439e-07
2505 0 0 4.1055984e-07
2506 0 0 4.112568e-07
2507 0 0 4.119553e-07
2508 0 0 4.1265533e-07
2509 0 0 4.133569e-07
2510 0 0 4.1406e-07
2511 0 0 4.1476465e-07
2512 0 0 4.1547084e-07
2513 0 0 4.1617857e-07
2514 0 0 4.1688786e-07
2515 0 0 4.1759869e-07
2516 0 0 4.1831109e-07
2517 0 0 4.1902504e-07
2518 0 0 4.1974055e-07
2519 0 0 4.2045763e-07
2520 0 0 4.2117627e-07
2521 0 0 4.2189649e-07
2522 0 0 4.2261828e-07
2523 0 0 4.2334164e-07
2524 0 0 4.2406659e-07
2525 0 0 4.2479312e-07
2526 0 0 4.2552123e-07
2527 0 0 4.2625093e-07
2528 0 0 4.2698223e-07
2529 0 0 4.2771512e-07
2530 0 0 4.2844961e-07
2531 0 0 4.2918571e-07
2532 0 0 4.2992341e-07
2533 0 0 4.3066272e-07
2534 0 0 4.3140364e-07
2535 0 0 4.3214617e-07
2536 0 0 4.3289033e-07
2537 0 0 4.3363611e-07
2538 0 0 4.3438352e-07
2539 0 0 4.3513255e-07
2540 0 0 4.3588322e-07
2541 0 0 4.3663553e-07
2542 0 0 4.3738948e-07
2543 0 0 4.3814507e-07
2544 0 0 4.3890231e-07
2545 0 0 4.396612e-07
2546 0 0 4.4042175e-07
2547 0 0 4.4118396e-07
2548 0 0 4.4194783e-07
2549 0 0 4.4271337e-07
2550 0 0 4.4348058e-07
2551 0 0 4.4424946e-07
2552 0 0 4.4502003e-07
2553 0 0 4.4579228e-07
2554 0 0 4.4656621e-07
2555 0 0 4.4734184e-07
2556 0 0 4.4811917e-07
2557 0 0 4.4889819e-07
2558 0 0 4.4967892e-07
2559 0 0 4.5046136e-07
2560 0 0 4.5124551e-07
2561 0 0 4.5203137e-07
2562 0 0 4.5281896e-07
2563 0 0 4.5360828e-07
2564 0 0 4.5439932e-07
2565 0 0 4.551921e-07
2566 0 0 4.5598662e-07
2567 0 0 4.5678289e-07
2568 0 0 4.575809e-07
2569 0 0 4.5838067e-07
2570 0 0 4.591822e-07
2571 0 0 4.5998549e-07
2572 0 0 4.6079054e-07
2573 0 0 4.6159737e-07
2574 0 0 4.6240598e-07
2575 0 0 4.6321637e-07
2576 0 0 4.6402855e-07
2577 0 0 4.6484252e-07
2578 0 0 4.6565829e-07
2579 0 0 4.6647586e-07
2580 0 0 4.6729524e-07
2581 0 0 4.6811643e-07
2582 0 0 4.6893944e-07
2583 0 0 4.6976427e-07
2584 0 0 4.7059093e-07
2585 0 0 4.7141943e-07
2586 0 0 4.7224976e-07
2587 0 0 4.7308194e-07
2588 0 0 4.7391597e-07
2589 0 0 4.7475185e-07
2590 0 0 4.755896e-07
2591 0 0 4.7642921e-07
2592 0 0 4.7727069e-07
2593 0 0 4.7811405e-07
2594 0 0 4.789593e-07
2595 0 0 4.7980643e-07
2596 0 0 4.8065545e-07
2597 0 0 4.8150638e-07
2598 0 0 4.8235921e-07
2599 0 0 4.8321395e-07
2600 0 0 4.8407061e-07
2601 0 0 4.8492919e-07
2602 0 0 4.857897e-07
2603 0 0 4.8665215e-07
2604 0 0 4.8751653e-07
2605 0 0 4.8838286e-07
2606 0 0 4.8925115e-07
2607 0 0 4.9012139e-07
2608 0 0 4.909936e-07
2609 0 0 4.9186778e-07
2610 0 0 4.9274393e-07
2611 0 0 4.9362206e-07
2612 0 0 4.9450219e-07
2613 0 0 4.9538431e-07
2614 0 0 4.9626842e-07
2615 0 0 4.9715455e-07
2616 0 0 4.9804269e-07
2617 0 0 4.9893285e-07
2618 0 0 4.9982503e-07
2619 0 0 5.0071924e-07
2620 0 0 5.0161549e-07
2621 0 0 5.0251379e-07
2622 0 0 5.0341414e-07
2623 0 0 5.0431654e-07
2624 0 0 5.05221e-07
2625 0 0 5.0612754e-07
2626 0 0 5.0703615e-07
2627 0 0 5.0794684e-07
2628 0 0 5.0885962e-07
2629 0 0 5.0977449e-07
2630 0 0 5.1069147e-07
2631 0 0 5.1161055e-07
2632 0 0 5.1253175e-07
2633 0 0 5.1345507e-07
2634 0 0 5.1438051e-07
2635 0 0 5.1530808e-07
2636 0 0 5.162378e-07
2637 0 0 5.1716966e-07
2638 0 0 5.1810368e-07
2639 0 0 5.1903985e-07
2640 0 0 5.1997819e-07
2641 0 0 5.209187e-07
2642 0 0 5.2186139e-07
2643 0 0 5.2280626e-07
2644 0 0 5.2375333e-07
2645 0 0 5.2470259e-07
2646 0 0 5.2565406e-07
2647 0 0 5.2660774e-07
2648 0 0 5.2756363e-07
2649 0 0 5.2852175e-07
2650 0 0 5.2948211e-07
2651 0 0 5.3044469e-07
2652 0 0 5.3140953e-07
2653 0 0 5.3237661e-07
2654 0 0 5.3334595e-07
2655 0 0 5.3431755e-07
2656 0 0 5.3529143e-07
2657 0 0 5.3626758e-07
2658 0 0 5.3724601e-07
2659 0 0 5.3822673e-07
2660 0 0 5.3920975e-07
2661 0 0 5.4019508e-07
2662 0 0 5.4118271e-07
2663 0 0 5.4217266e-07
2664 0 0 5.4316493e-07
2665 0 0 5.4415953e-07
2666 0 0 5.4515647e-07
2667 0 0 5.4615575e-07
2668 0 0 5.4715738e-07
2669 0 0 5.4816137e-07
2670 0 0 5.4916772e-07
2671 0 0 5.5017644e-07
2672 0 0 5.5118753e-07
2673 0 0 5.5220101e-07
2674 0 0 5.5321687e-07
2675 0 0 5.5423514e-07
2676 0 0 5.552558e-07
2677 0 0 5.5627888e-07
2678 0 0 5.5730437e-07
2679 0 0 5.5833228e-07
2680 0 0 5.5936262e-07
2681 0 0 5.603954e-07
2682 0 0 5.6143062e-07
2683 0 0 5.6246829e-07
2684 0 0 5.6350841e-07
2685 0 0 5.64551e-07
2686 0 0 5.6559606e-07
2687 0 0 5.6664359e-07
2688 0 0 5.6769361e-07
2689 0 0 5.6874612e-07
2690 0 0 5.6980112e-07
2691 0 0 5.7085862e-07
2692 0 0 5.7191864e-07
2693 0 0 5.7298117e-07
2694 0 0 5.7404622e-07
2695 0 0 5.7511381e-07
2696 0 0 5.7618393e-07
2697 0 0 5.7725659e-07
2698 0 0 5.7833181e-07
2699 0 0 5.7940958e-07
2700 0 0 5.8048991e-07
2701 0 0 5.8157282e-07
2702 0 0 5.826583e-07
2703 0 0 5.8374637e-07
2704 0 0 5.8483703e-07
2705 0 0 5.8593028e-07
2706 0 0 5.8702615e-07
2707 0 0 5.8812462e-07
2708 0 0 5.8922571e-07
2709 0 0 5.9032943e-07
2710 0 0 5.9143578e-07
2711 0 0 5.9254476e-07
2712 0 0 5.936564e-07
2713 0 0 5.9477069e-07
2714 0 0 5.9588763e-07
2715 0 0 5.9700725e-07
2716 0 0 5.9812954e-07
2717 0 0 5.9925451e-07
2718 0 0 6.0038217e-07
2719 0 0 6.0151252e-07
2720 0 0 6.0264557e-07
2721 0 0 6.0378134e-07
2722 0 0 6.0491982e-07
2723 0 0 6.0606102e-07
2724 0 0 6.0720496e-07
2725 0 0 6.0835163e-07
2726 0 0 6.0950104e-07
2727 0 0 6.1065321e-07
2728 0 0 6.1180814e-07
2729 0 0 6.1296583e-07
2730 0 0 6.141263e-07
2731 0 0 6.1528955e-07
2732 0 0 6.1645558e-07
2733 0 0 6.1762441e-07
2734 0 0 6.1879604e-07
2735 0 0 6.1997049e-07
2736 0 0 6.2114775e-07
2737 0 0 6.2232783e-07
2738 0 0 6.2351075e-07
2739 0 0 6.246965e-07
2740 0 0 6.258851e-07
2741 0 0 6.2707656e-07
2742 0 0 6.2827088e-07
2743 0 0 6.2946806e-07
2744 0 0 6.3066813e-07
2745 0 0 6.3187107e-07
2746 0 0 6.3307691e-07
2747 0 0 6.3428565e-07
2748 0 0 6.3549729e-07
2749 0 0 6.3671185e-07
2750 0 0 6.3792933e-07
2751 0 0 6.3914974e-07
2752 0 0 6.4037309e-07
2753 0 0 6.4159938e-07
2754 0 0 6.4282863e-07
2755 0 0 6.4406083e-07
2756 0 0 6.4529601e-07
2757 0 0 6.4653416e-07
2758 0 0 6.4777529e-07
2759 0 0 6.4901942e-07
2760 0 0 6.5026655e-07
2761 0 0 6.5151668e-07
2762 0 0 6.5276983e-07
2763 0 0 6.54026e-07
2764 0 0 6.5528521e-07
2765 0 0 6.5654745e-07
2766 0 0 6.5781274e-07
2767 0 0 6.5908109e-07
2768 0 0 6.603525e-07
2769 0 0 6.6162698e-07
2770 0 0 6.6290454e-07
2771 0 0 6.6418519e-07
2772 0 0 6.6546894e-07
2773 0 0 6.6675579e-07
2774 0 0 6.6804576e-07
2775 0 0 6.6933884e-07
2776 0 0 6.7063506e-07
2777 0 0 6.7193441e-07
2778 0 0 6.7323691e-07
2779 0 0 6.7454257e-07
2780 0 0 6.7585138e-07
2781 0 0 6.7716337e-07
2782 0 0 6.7847854e-07
2783 0 0 6.797969e-07
2784 0 0 6.8111845e-07
2785 0 0 6.8244321e-07
2786 0 0 6.8377118e-07
2787 0 0 6.8510238e-07
2788 0 0 6.864368e-07
2789 0 0 6.8777447e-07
2790 0 0 6.8911539e-07
2791 0 0 6.9045956e-07
2792 0 0 6.91807e-07
2793 0 0 6.9315771e-07
2794 0 0 6.9451171e-07
2795 0 0 6.95869e-07
2796 0 0 6.9722959e-07
2797 0 0 6.985935e-07
2798 0 0 6.9996072e-07
2799 0 0 7.0133127e-07
2800 0 0 7.0270516e-07
2801 0 0 7.0408239e-07
2802 0 0 7.0546298e-07
2803 0 0 7.0684693e-07
2804 0 0 7.0823426e-07
2805 0 0 7.0962497e-07
2806 0 0 7.1101907e-07
2807 0 0 7.1241658e-07
2808 0 0 7.1381749e-07
2809 0 0 7.1522182e-07
2810 0 0 7.1662958e-07
2811 0 0 7.1804078e-07
2812 0 0 7.1945543e-07
2813 0 0 7.2087353e-07
2814 0 0 7.222951e-07
2815 0 0 7.2372014e-07
2816 0 0 7.2514867e-07
2817 0 0 7.265807e-07
2818 0 0 7.2801623e-07
2819 0 0 7.2945527e-07
2820 0 0 7.3089783e-07
2821 0 0 7.3234393e-07
2822 0 0 7.3379357e-07
2823 0 0 7.3524676e-07
2824 0 0 7.3670351e-07
2825 0 0 7.3816384e-07
2826 0 0 7.3962774e-07
2827 0 0 7.4109524e-07
2828 0 0 7.4256633e-07
2829 0 0 7.4404104e-07
2830 0 0 7.4551937e-07
2831 0 0 7.4700133e-07
2832 0 0 7.4848692e-07
2833 0 0 7.4997617e-07
2834 0 0 7.5146908e-07
2835 0 0 7.5296565e-07
2836 0 0 7.5446591e-07
2837 0 0 7.5596986e-07
2838 0 0 7.5747751e-07
2839 0 0 7.5898886e-07
2840 0 0 7.6050394e-07
2841 0 0 7.6202275e-07
2842 0 0 7.635453e-07
2843 0 0 7.650716e-07
2844 0 0 7.6660167e-07
2845 0 0 7.681355e-07
2846 0 0 7.6967312e-07
2847 0 0 7.7121452e-07
2848 0 0 7.7275973e-07
2849 0 0 7.7430876e-07
2850 0 0 7.7586161e-07
2851 0 0 7.7741829e-07
2852 0 0 7.7897882e-07
2853 0 0 7.805432e-07
2854 0 0 7.8211145e-07
2855 0 0 7.8368357e-07
2856 0 0 7.8525958e-07
2857 0 0 7.8683949e-07
2858 0 0 7.8842331e-07
2859 0 0 7.9001105e-07
2860 0 0 7.9160271e-07
2861 0 0 7.9319832e-07
2862 0 0 7.9479788e-07
2863 0 0 7.964014e-07
2864 0 0 7.980089e-07
2865 0 0 7.9962037e-07
2866 0 0 8.0123585e-07
2867 0 0 8.0285533e-07
2868 0 0 8.0447883e-07
2869 0 0 8.0610635e-07
2870 0 0 8.0773792e-07
2871 0 0 8.0937354e-07
2872 0 0 8.1101322e-07
2873 0 0 8.1265697e-07
2874 0 0 8.143048e-07
2875 0 0 8.1595673e-07
2876 0 0 8.1761277e-07
2877 0 0 8.1927293e-07
2878 0 0 8.2093721e-07
2879 0 0 8.2260564e-07
2880 0 0 8.2427822e-07
2881 0 0 8.2595496e-07
2882 0 0 8.2763587e-07
2883 0 0 8.2932098e-07
2884 0 0 8.3101028e-07
2885 0 0 8.3270379e-07
2886 0 0 8.3440153e-07
2887 0 0 8.361035e-07
2888 0 0 8.3780971e-07
2889 0 0 8.3952018e-07
2890 0 0 8.4123491e-07
2891 0 0 8.4295393e-07
2892 0 0 8.4467724e-07
2893 0 0 8.4640486e-07
2894 0 0 8.4813679e-07
2895 0 0 8.4987305e-07
2896 0 0 8.5161365e-07
2897 0 0 8.533586e-07
2898 0 0 8.5510791e-07
2899 0 0 8.5686161e-07
2900 0 0 8.5861969e-07
2901 0 0 8.6038217e-07
2902 0 0 8.6214906e-07
2903 0 0 8.6392038e-07
2904 0 0 8.6569614e-07
2905 0 0 8.6747635e-07
2906 0 0 8.6926102e-07
2907 0 0 8.7105016e-07
2908 0 0 8.7284379e-07
2909 0 0 8.7464192e-07
2910 0 0 8.7644457e-07
2911 0 0 8.7825174e-07
2912 0 0 8.8006344e-07
2913 0 0 8.818797e-07
2914 0 0 8.8370052e-07
2915 0 0 8.8552592e-07
2916 0 0 8.873559e-07
2917 0 0 8.8919049e-07
2918 0 0 8.9102969e-07
2919 0 0 8.9287352e-07
2920 0 0 8.9472198e-07
2921 0 0 8.9657511e-07
2922 0 0 8.9843289e-07
2923 0 0 9.0029536e-07
2924 0 0 9.0216252e-07
2925 0 0 9.0403439e-07
2926 0 0 9.0591097e-07
2927 0 0 9.0779229e-07
2928 0 0 9.0967835e-07
2929 0 0 9.1156917e-07
2930 0 0 9.1346476e-07
2931 0 0 9.1536514e-07
2932 0 0 9.1727032e-07
2933 0 0 9.1918032e-07
2934 0 0 9.2109513e-07
2935 0 0 9.2301479e-07
2936 0 0 9.249393e-07
2937 0 0 9.2686868e-07
2938 0 0 9.2880294e-07
2939 0 0 9.307421e-07
2940 0 0 9.3268616e-07
2941 0 0 9.3463515e-07
2942 0 0 9.3658907e-07
2943 0 0 9.3854795e-07
2944 0 0 9.4051179e-07
2945 0 0 9.424806e-07
2946 0 0 9.4445441e-07
2947 0 0 9.4643323e-07
2948 0 0 9.4841707e-07
2949 0 0 9.5040594e-07
2950 0 0 9.5239986e-07
2951 0 0 9.5439885e-07
2952 0 0 9.5640292e-07
2953 0 0 9.5841207e-07
2954 0 0 9.6042634e-07
2955 0 0 9.6244572e-07
2956 0 0 9.6447025e-07
2957 0 0 9.6649992e-07
2958 0 0 9.6853476e-07
2959 0 0 9.7057478e-07
2960 0 0 9.7261999e-07
2961 0 0 9.7467041e-07
2962 0 0 9.7672606e-07
2963 0 0 9.7878694e-07
2964 0 0 9.8085308e-07
2965 0 0 9.8292449e-07
2966 0 0 9.8500118e-07
2967 0 0 9.8708317e-07
2968 0 0 9.8917048e-07
2969 0 0 9.9126311e-07
2970 0 0 9.9336109e-07
2971 0 0 9.9546442e-07
2972 0 0 9.9757313e-07
2973 0 0 9.9968723e-07
2974 0 0 1.0018067e-06
2975 0 0 1.0039317e-06
2976 0 0 1.006062e-06
2977 0 0 1.0081978e-06
2978 0 0 1.0103391e-06
2979 0 0 1.0124859e-06
2980 0 0 1.0146381e-06
2981 0 0 1.0167959e-06
2982 0 0 1.0189592e-06
2983 0 0 1.021128e-06
2984 0 0 1.0233024e-06
2985 0 0 1.0254824e-06
2986 0 0 1.027668e-06
2987 0 0 1.0298591e-06
2988 0 0 1.0320559e-06
2989 0 0 1.0342584e-06
2990 0 0 1.0364665e-06
2991 0 0 1.0386802e-06
2992 0 0 1.0408997e-06
2993 0 0 1.0431248e-06
2994 0 0 1.0453557e-06
2995 0 0 1.0475923e-06
2996 0 0 1.0498346e-06
2997 0 0 1.0520827e-06
2998 0 0 1.0543366e-06
2999 0 0 1.0565963e-06
3000 0 0 1.0588618e-06
0 0 0 0
0 0 0 0
0 0 0 0
0 0 0 0
0 0 0 0
0 0 0 0
0 0 0 0
0 0 0 0
0 0 0 0
0 0 0 0
0 0 0 0
0 0 0 0
0 0 0 0
0 0 0 0
0 0 0 0
0 0 0 0
0 0 0 0
0 0 0 0
0 0 0 0
0 0 0 0
0 0 0 0
0 0 0 0
0 0 0 0
0 0 0 0
0 0 0 0
0 0 0 0
0 0 0 0
0 0 0 0
0 0 0 0
0 0 0 0
0 0 0 0
0 0 0 0
0 0 0 0
0 0 0 0
0 0 0 0
0 0 0 0
0 0 0 0
0 0 0 0
0 0 0 0
0 0 0 0
0 0 0 0
0 0 0 0
0 0 0 0
0 0 0 0
0 0 0 0
0 0 0 0
0 0 0 0
0 0 0 0
0 0 0 0
0 0 0 0
0 0 0 0
0 0 0 0
0 0 0 0
0 0 0 0
0 0 0 0
0 0 0 0
0 0 0 0
0 0 0 0
0 0 0 0
0 0 0 0
0 0 0 0
0 0 0 0
0 0 0 0
0 0 0 0
0 0 0 0
0 0 0 0
0 0 0 0
0 0 0 0
0 0 0 0
0 0 0 0
0 0 0 0
0 0 0 0
0 0 0 0
0 0 0 0
0 0 0 0
0 0 0 0
0 0 0 0
0 0 0 0
0 0 0 0
0 0 0 0
0 0 0 0
0 0 0 0
0 0 0 0
0 0 0 0
0 0 0 0
0 0 0 0
0 0 0 0
0 0 0 0
0 0 0 0
0 0 0 0
0 0 0 0
0 0 0 0
0 0 0 0
0 0 0 0
0 0 0 0
0 0 0 0
0 0 0 0
0 0 0 0
0 0 0 0
0 0 0 0
0 0 0 0
0 0 0 0
0 0 0 0
0 0 0 0
0 0 0 0
0 0 0 0
0 0 0 0
0 0 0 0
0 0 0 0
0 0 0 0
0 0 0 0
0 0 0 0
0 0 0 0
0 0 0 0
0 0 0 0
0 0 0 0
0 0 0 0
0 0 0 0
0 0 0 0
0 0 0 0
0 0 0 0
0 0 0 0
0 0 0 0
0 0 0 0
0 0 0 0
0 0 0 0
0 0 0 0
0 0 0 0
0 0 0 0
0 0 0 0
0 0 0 0
0 0 0 0
0 0 0 0
0 0 0 0
0 0 0 0
0 0 0 0
0 0 0 0
0 0 0 0
0 0 0 0
0 0 0 0
0 0 0 0
0 0 0 0
0 0 0 0
0 0 0 0
0 0 0 0
0 0 0 0
0 0 0 0
0 0 0 0
0 0 0 0
0 0 0 0
0 0 0 0
0 0 0 0
0 0 0 0
0 0 0 0
0 0 0 0
0 0 0 0
0 0 0 0
0 0 0 0
0 0 0 0
0 0 0 0
0 0 0 0
0 0 0 0
0 0 0 0
0 0 0 0
0 0 0 0
0 0 0 0
0 0 0 0
0 0 0 0
0 0 0 0
0 0 0 0
0 0 0 0
0 0 0 0
0 0 0 0
0 0 0 0
0 0 0 0
0 0 0 0
0 0 0 0
0 0 0 0
0 0 0 0
0 0 0 0
0 0 0 0
0 0 0 0
0 0 0 0
0 0 0 0
0 0 0 0
0 0 0 0
0 0 0 0
0 0 0 0
0 0 0 0
0 0 0 0
0 0 0 0
0 0 0 0
0 0 0 0
0 0 0 0
0 0 0 0
0 0 0 0
0 0 0 0
0 0 0 0
0 0 0 0
0 0 0 0
0 0 0 0
0 0 0 0
0 0 0 0
0 0 0 0
0 0 0 0
0 0 0 0
0 0 0 0
0 0 0 0
0 0 0 0
0 0 0 0
0 0 0 0
0 0 0 0
0 0 0 0
0 0 0 0
0 0 0 0
0 0 0 0
0 0 0 0
0 0 0 0
0 0 0 0
0 0 0 0
0 0 0 0
0 0 0 0
0 0 0 0
0 0 0 0
0 0 0 0
0 0 0 0
0 0 0 0
0 0 0 0
0 0 0 0
0 0 0 0
0 0 0 0
0 0 0 0
0 0 0 0
0 0 0 0
0 0 0 0
0 0 0 0
0 0 0 0
0 0 0 0
0 0 0 0
0 0 0 0
0 0 0 0
0 0 0 0
0 0 0 0
0 0 0 0
0 0 0 0
0 0 0 0
0 0 0 0
0 0 0 0
0 0 0 0
0 0 0 0
0 0 0 0
0 0 0 0
0 0 0 0
0 0 0 0
0 0 0 0
0 0 0 0
0 0 0 0
0 0 0 0
0 0 0 0
0 0 0 0
0 0 0 0
0 0 0 0
0 0 0 0
0 0 0 0
0 0 0 0
0 0 0 0
0 0 0 0
0 0 0 0
0 0 0 0
0 0 0 0
0 0 0 0
0 0 0 0
0 0 0 0
0 0 0 0
0 0 0 0
0 0 0 0
0 0 0 0
0 0 0 0
0 0 0 0
0 0 0 0
0 0 0 0
0 0 0 0
0 0 0 0
0 0 0 0
0 0 0 0
0 0 0 0
0 0 0 0
0 0 0 0
0 0 0 0
0 0 0 0
0 0 0 0
0 0 0 0
0 0 0 0
0 0 0 0
0 0 0 0
0 0 0 0
0 0 0 0
0 0 0 0
0 0 0 0
0 0 0 0
0 0 0 0
0 0 0 0
0 0 0 0
0 0 0 0
0 0 0 0
0 0 0 0
0 0 0 0
0 0 0 0
0 0 0 0
0 0 0 0
0 0 0 0
0 0 0 0
0 0 0 0
0 0 0 0
0 0 0 0
0 0 0 0
0 0 0 0
0 0 0 0
0 0 0 0
0 0 0 0
0 0 0 0
0 0 0 0
0 0 0 0
0 0 0 0
0 0 0 0
0 0 0 0
0 0 0 0
0 0 0 0
0 0 0 0
0 0 0 0
0 0 0 0
0 0 0 0
0 0 0 0
0 0 0 0
0 0 0 0
0 0 0 0
0 0 0 0
0 0 0 0
0 0 0 0
0 0 0 0
0 0 0 0
0 0 0 0
0 0 0 0
0 0 0 0
0 0 0 0
0 0 0 0
0 0 0 0
0 0 0 0
0 0 0 0
0 0 0 0
0 0 0 0
0 0 0 0
0 0 0 0
0 0 0 0
0 0 0 0
0 0 0 0
0 0 0 0
0 0 0 0
0 0 0 0
0 0 0 0
0 0 0 0
0 0 0 0
0 0 0 0
0 0 0 0
0 0 0 0
0 0 0 0
0 0 0 0
0 0 0 0
0 0 0 0
0 0 0 0
0 0 0 0
0 0 0 0
0 0 0 0
0 0 0 0
0 0 0 0
0 0 0 0
0 0 0 0
0 0 0 0
0 0 0 0
0 0 0 0
0 0 0 0
0 0 0 0
0 0 0 0
0 0 0 0
0 0 0 0
0 0 0 0
0 0 0 0
0 0 0 0
0 0 0 0
0 0 0 0
0 0 0 0
0 0 0 0
0 0 0 0
0 0 0 0
0 0 0 0
0 0 0 0
0 0 0 0
0 0 0 0
0 0 0 0
0 0 0 0
0 0 0 0
0 0 0 0
0 0 0 0
0 0 0 0
0 0 0 0
0 0 0 0
0 0 0 0
0 0 0 0
0 0 0 0
0 0 0 0
0 0 0 0
0 0 0 0
0 0 0 0
0 0 0 0
0 0 0 0
0 0 0 0
0 0 0 0
0 0 0 0
0 0 0 0
0 0 0 0
0 0 0 0
0 0 0 0
0 0 0 0
0 0 0 0
0 0 0 0
0 0 0 0
0 0 0 0
0 0 0 0
0 0 0 0
0 0 0 0
0 0 0 0
0 0 0 0
0 0 0 0
0 0 0 0
0 0 0 0
0 0 0 0
0 0 0 0
0 0 0 0
0 0 0 0
0 0 0 0
0 0 0 0
0 0 0 0
0 0 0 0
0 0 0 0
0 0 0 0
0 0 0 0
0 0 0 0
0 0 0 0
0 0 0 0
0 0 0 0
0 0 0 0
0 0 0 0
0 0 0 0
0 0 0 0
0 0 0 0
0 0 0 0
0 0 0 0
0 0 0 0
0 0 0 0
0 0 0 0
0 0 0 0
0 0 0 0
0 0 0 0
0 0 0 0
0 0 0 0
0 0 0 0
0 0 0 0
0 0 0 0
0 0 0 0
0 0 0 0
0 0 0 0
0 0 0 0
0 0 0 0
0 0 0 0
0 0 0 0
0 0 0 0
0 0 0 0
0 0 0 0
0 0 0 0
0 0 0 0
0 0 0 0
0 0 0 0
0 0 0 0
0 0 0 0
0 0 0 0
0 0 0 0
0 0 0 0
0 0 0 0
0 0 0 0
0 0 0 0
0 0 0 0
0 0 0 0
0 0 0 0
0 0 0 0
0 0 0 0
0 0 0 0
0 0 0 0
0 0 0 0
0 0 0 0
0 0 0 0
0 0 0 0
0 0 0 0
0 0 0 0
0 0 0 0
0 0 0 0
0 0 0 0
0 0 0 0
0 0 0 0
0 0 0 0
0 0 0 0
0 0 0 0
0 0 0 0
0 0 0 0
0 0 0 0
0 0 0 0
0 0 0 0
0 0 0 0
0 0 0 0
0 0 0 0
0 0 0 0
0 0 0 0
0 0 0 0
0 0 0 0
0 0 0 0
0 0 0 0
0 0 0 0
0 0 0 0
0 0 0 0
0 0 0 0
0 0 0 0
0 0 0 0
0 0 0 0
0 0 0 0
0 0 0 0
0 0 0 0
0 0 0 0
0 0 0 0
0 0 0 0
0 0 0 0
0 0 0 0
0 0 0 0
0 0 0 0
0 0 0 0
0 0 0 0
0 0 0 0
0 0 0 0
0 0 0 0
0 0 0 0
0 0 0 0
0 0 0 0
0 0 0 0
0 0 0 0
0 0 0 0
0 0 0 0
0 0 0 0
0 0 0 0
0 0 0 0
0 0 0 0
0 0 0 0
0 0 0 0
0 0 0 0
0 0 0 0
0 0 0 0
0 0 0 0
0 0 0 0
0 0 0 0
0 0 0 0
0 0 0 0
0 0 0 0
0 0 0 0
0 0 0 0
0 0 0 0
0 0 0 0
0 0 0 0
0 0 0 0
0 0 0 0
0 0 0 0
0 0 0 0
0 0 0 0
0 0 0 0
0 0 0 0
0 0 0 0
0 0 0 0
0 0 0 0
0 0 0 0
0 0 0 0
0 0 0 0
0 0 0 0
0 0 0 0
0 0 0 0
0 0 0 0
0 0 0 0
0 0 0 0
0 0 0 0
0 0 0 0
0 0 0 0
0 0 0 0
0 0 0 0
0 0 0 0
0 0 0 0
0 0 0 0
0 0 0 0
0 0 0 0
0 0 0 0
0 0 0 0
0 0 0 0
0 0 0 0
0 0 0 0
0 0 0 0
0 0 0 0
0 0 0 0
0 0 0 0
0 0 0 0
0 0 0 0
0 0 0 0
0 0 0 0
0 0 0 0
0 0 0 0
0 0 0 0
0 0 0 0
0 0 0 0
0 0 0 0
0 0 0 0
0 0 0 0
0 0 0 0
0 0 0 0
0 0 0 0
0 0 0 0
0 0 0 0
0 0 0 0
0 0 0 0
0 0 0 0
0 0 0 0
0 0 0 0
0 0 0 0
0 0 0 0
0 0 0 0
0 0 0 0
0 0 0 0
0 0 0 0
0 0 0 0
0 0 0 0
0 0 0 0
0 0 0 0
0 0 0 0
0 0 0 0
0 0 0 0
0 0 0 0
0 0 0 0
0 0 0 0
0 0 0 0
0 0 0 0
0 0 0 0
0 0 0 0
0 0 0 0
0 0 0 0
0 0 0 0
0 0 0 0
0 0 0 0
0 0 0 0
0 0 0 0
0 0 0 0
0 0 0 0
0 0 0 0
0 0 0 0
0 0 0 0
0 0 0 0
0 0 0 0
0 0 0 0
0 0 0 0
0 0 0 0
0 0 0 0
0 0 0 0
0 0 0 0
0 0 0 0
0 0 0 0
0 0 0 0
0 0 0 0
0 0 0 0
0 0 0 0
0 0 0 0
0 0 0 0
0 0 0 0
0 0 0 0
0 0 0 0
0 0 0 0
0 0 0 0
0 0 0 0
0 0 0 0
0 0 0 0
0 0 0 0
0 0 0 0
0 0 0 0
0 0 0 0
0 0 0 0
0 0 0 0
0 0 0 0
0 0 0 0
0 0 0 0
0 0 0 0
0 0 0 0
0 0 0 0
0 0 0 0
0 0 0 0
0 0 0 0
0 0 0 0
0 0 0 0
0 0 0 0
0 0 0 0
0 0 0 0
0 0 0 0
0 0 0 0
0 0 0 0
0 0 0 0
0 0 0 0
0 0 0 0
0 0 0 0
0 0 0 0
0 0 0 0
0 0 0 0
0 0 0 0
0 0 0 0
0 0 0 0
0 0 0 0
0 0 0 0
0 0 0 0
0 0 0 0
0 0 0 0
0 0 0 0
0 0 0 0
0 0 0 0
0 0 0 0
0 0 0 0
0 0 0 0
0 0 0 0
0 0 0 0
0 0 0 0
0 0 0 0
0 0 0 0
0 0 0 0
0 0 0 0
0 0 0 0
0 0 0 0
0 0 0 0
0 0 0 0
0 0 0 0
0 0 0 0
0 0 0 0
0 0 0 0
0 0 0 0
0 0 0 0
0 0 0 0
0 0 0 0
0 0 0 0
0 0 0 0
0 0 0 0
0 0 0 0
0 0 0 0
0 0 0 0
0 0 0 0
0 0 0 0
0 0 0 0
0 0 0 0
0 0 0 0
0 0 0 0
0 0 0 0
0 0 0 0
0 0 0 0
0 0 0 0
0 0 0 0
0 0 0 0
0 0 0 0
0 0 0 0
0 0 0 0
0 0 0 0
0 0 0 0
0 0 0 0
0 0 0 0
0 0 0 0
0 0 0 0
0 0 0 0
0 0 0 0
0 0 0 0
0 0 0 0
0 0 0 0
0 0 0 0
0 0 0 0
0 0 0 0
0 0 0 0
0 0 0 0
0 0 0 0
0 0 0 0
0 0 0 0
0 0 0 0
0 0 0 0
0 0 0 0
0 0 0 0
0 0 0 0
0 0 0 0
0 0 0 0
0 0 0 0
0 0 0 0
0 0 0 0
0 0 0 0
0 0 0 0
0 0 0 0
0 0 0 0
0 0 0 0
0 0 0 0
0 0 0 0
0 0 0 0
0 0 0 0
0 0 0 0
0 0 0 0
0 0 0 0
0 0 0 0
0 0 0 0
0 0 0 0
0 0 0 0
0 0 0 0
0 0 0 0
0 0 0 0
0 0 0 0
0 0 0 0
0 0 0 0
0 0 0 0
0 0 0 0
0 0 0 0
0 0 0 0
0 0 0 0
0 0 0 0
0 0 0 0
0 0 0 0
0 0 0 0
0 0 0 0
0 0 0 0
0 0 0 0
0 0 0 0
0 0 0 0
0 0 0 0
0 0 0 0
0 0 0 0
0 0 0 0
0 0 0 0
0 0 0 0
0 0 0 0
0 0 0 0
0 0 0 0
0 0 0 0
0 0 0 0
0 0 0 0
0 0 0 0
0 0 0 0
0 0 0 0
0 0 0 0
0 0 0 0
0 0 0 0
0 0 0 0
0 0 0 0
0 0 0 0
0 0 0 0
0 0 0 0
0 0 0 0
0 0 0 0
0 0 0 0
0 0 0 0
0 0 0 0
0 0 0 0
0 0 0 0
0 0 0 0
0 0 0 0
0 0 0 0
0 0 0 0
0 0 0 0
0 0 0 0
0 0 0 0
0 0 0 0
0 0 0 0
0 0 0 0
0 0 0 0
0 0 0 0
0 0 0 0
0 0 0 0
0 0 0 0
0 0 0 0
0 0 0 0
0 0 0 0
0 0 0 0
0 0 0 0
0 0 0 0
0 0 0 0
0 0 0 0
0 0 0 0
0 0 0 0
0 0 0 0
0 0 0 0
0 0 0 0
0 0 0 0
0 0 0 0
0 0 0 0
0 0 0 0
0 0 0 0
0 0 0 0
0 0 0 0
0 0 0 0
0 0 0 0
0 0 0 0
0 0 0 0
0 0 0 0
0 0 0 0
0 0 0 0
0 0 0 0
0 0 0 0
0 0 0 0
0 0 0 0
0 0 0 0
0 0 0 0
0 0 0 0
0 0 0 0
0 0 0 0
0 0 0 0
0 0 0 0
0 0 0 0
0 0 0 0
0 0 0 0
0 0 0 0
0 0 0 0
0 0 0 0
0 0 0 0
0 0 0 0
0 0 0 0
0 0 0 0
0 0 0 0
0 0 0 0
0 0 0 0
0 0 0 0
0 0 0 0
0 0 0 0
0 0 0 0
0 0 0 0
0 0 0 0
0 0 0 0
0 0 0 0
0 0 0 0
0 0 0 0
0 0 0 0
0 0 0 0
0 0 0 0
0 0 0 0
0 0 0 0
0 0 0 0
0 0 0 0
0 0 0 0
0 0 0 0
0 0 0 0
0 0 0 0
0 0 0 0
0 0 0 0
0 0 0 0
0 0 0 0
0 0 0 0
0 0 0 0
0 0 0 0
0 0 0 0
0 0 0 0
0 0 0 0
0 0 0 0
0 0 0 0
0 0 0 0
0 0 0 0
0 0 0 0
0 0 0 0
0 0 0 0
0 0 0 0
0 0 0 0
0 0 0 0
0 0 0 0
0 0 0 0
0 0 0 0
0 0 0 0
0 0 0 0
0 0 0 0
0 0 0 0
0 0 0 0
0 0 0 0
0 0 0 0
0 0 0 0
0 0 0 0
0 0 0 0
0 0 0 0
0 0 0 0
0 0 0 0
0 0 0 0
0 0 0 0
0 0 0 0
0 0 0 0
0 0 0 0
0 0 0 0
0 0 0 0
0 0 0 0
0 0 0 0
0 0 0 0
