0.000000000000000000e+00 0.000000000000000000e+00
2.500000000000000139e-02 1.018871210760546181e-01
7.500000000000001110e-02 6.275493426074700842e-01
1.250000000000000000e-01 1.327936507644378317e+00
1.750000000000000167e-01 1.833107366458763821e+00
2.250000000000000056e-01 1.850781219086756968e+00
2.750000000000000222e-01 2.071428732763769265e+00
3.250000000000000666e-01 2.882037595188214674e+00
3.750000000000000555e-01 4.092908566360017097e+00
4.250000000000000444e-01 2.673100985233419546e+00
4.750000000000000333e-01 1.209898896728969442e+00
5.250000000000000222e-01 6.850841032617447368e-01
5.750000000000000666e-01 3.714052172624024428e-01
6.250000000000001110e-01 1.612020662521435610e-01
6.750000000000000444e-01 7.094888603364096769e-02
7.250000000000000888e-01 2.765476500100344515e-02
7.750000000000000222e-01 7.892039839659583181e-03
8.250000000000000666e-01 2.581602177781373072e-03
8.750000000000001110e-01 1.291637641767478997e-03
9.250000000000000444e-01 7.512244833595829252e-04
9.750000000000000888e-01 5.521248986829897613e-04
1.000000000000000000e+00 0.000000000000000000e+00
