0.000000000000000000e+00 0.000000000000000000e+00
1.499999999999999944e-02 1.304728538987157127e-01
4.499999999999999833e-02 7.915059278743035165e-01
7.499999999999999722e-02 2.031329571765391417e+00
1.049999999999999961e-01 3.288108432766988720e+00
1.350000000000000089e-01 3.830978656600907417e+00
1.649999999999999800e-01 4.067227125032058410e+00
1.950000000000000067e-01 4.184796608504489868e+00
2.249999999999999778e-01 4.274116187410059275e+00
2.550000000000000044e-01 4.231173393890640178e+00
2.850000000000000311e-01 3.285812197942223456e+00
3.150000000000000022e-01 1.691827768071994420e+00
3.449999999999999734e-01 8.262998191361881073e-01
3.750000000000000000e-01 3.883217527938386815e-01
4.050000000000000266e-01 1.787653659598351097e-01
4.349999999999999978e-01 8.051891516373012314e-02
4.649999999999999689e-01 3.347341495986628362e-02
4.949999999999999956e-01 1.004767559909548399e-02
5.250000000000000222e-01 1.761262970595102537e-03
5.550000000000000488e-01 3.051600013223599857e-04
5.849999999999999645e-01 6.491242991091683047e-03
5.999999999999999778e-01 0.000000000000000000e+00
