0.000000000000000000e+00 -2.123100092640635070e-04
1.000000000000000000e+00 5.430022527286731265e-03
2.000000000000000000e+00 4.824586595890922175e-03
3.000000000000000000e+00 3.222521308371383009e-03
4.000000000000000000e+00 2.101983385036899910e-03
5.000000000000000000e+00 4.266476094933627857e-04
6.000000000000000000e+00 1.940943857241027120e-04
7.000000000000000000e+00 2.693180106047306883e-04
8.000000000000000000e+00 3.968663280474214804e-04
9.000000000000000000e+00 7.267652564085035722e-04
1.000000000000000000e+01 3.678264299823813771e-04
1.100000000000000000e+01 9.654366885377489694e-05
1.200000000000000000e+01 1.699592376470452075e-04
1.300000000000000000e+01 1.870588639685938077e-04
1.400000000000000000e+01 1.976313509384660099e-04
1.500000000000000000e+01 2.105794429255322068e-04
1.600000000000000000e+01 1.411390730207609924e-04
1.700000000000000000e+01 1.106918089345772970e-04
1.800000000000000000e+01 1.657915197803666010e-04
1.900000000000000000e+01 2.325858953049807025e-04
2.000000000000000000e+01 1.657311074907786912e-04
2.100000000000000000e+01 1.174668908726586054e-04
2.200000000000000000e+01 1.848639451904133049e-04
2.300000000000000000e+01 1.425591272914414950e-04
2.400000000000000000e+01 1.484107242750027083e-04
2.500000000000000000e+01 2.163653447988275031e-04
2.600000000000000000e+01 1.766005092975649060e-04
2.700000000000000000e+01 1.456214734387926936e-04
2.800000000000000000e+01 1.434303686939984008e-04
2.900000000000000000e+01 1.328650110690279872e-04
3.000000000000000000e+01 1.100232477382043949e-04
3.100000000000000000e+01 1.042412770412837062e-04
3.200000000000000000e+01 1.087476060717704960e-04
3.300000000000000000e+01 9.555398121223620221e-05
3.400000000000000000e+01 7.945401628890567816e-05
3.500000000000000000e+01 8.256030087568381939e-05
3.600000000000000000e+01 6.548854287650578707e-05
3.700000000000000000e+01 4.961413782939447318e-05
3.800000000000000000e+01 6.726908924754122429e-05
3.900000000000000000e+01 1.033971459814482969e-04
4.000000000000000000e+01 8.707092613873840422e-05
4.100000000000000000e+01 5.199229954307782789e-05
4.200000000000000000e+01 3.875595833152971679e-05
4.300000000000000000e+01 6.054634754782589249e-05
4.400000000000000000e+01 6.281382327048112130e-05
4.500000000000000000e+01 4.931364595909833154e-05
4.600000000000000000e+01 8.061950169881703396e-05
4.700000000000000000e+01 1.090697004334974934e-04
4.800000000000000000e+01 9.441850131807172060e-05
4.900000000000000000e+01 4.560120915389555035e-05
5.000000000000000000e+01 1.660392863488019838e-05
5.100000000000000000e+01 3.615716843143114862e-05
5.200000000000000000e+01 5.863975413502763771e-05
5.300000000000000000e+01 5.045479411115568683e-05
5.400000000000000000e+01 4.857647368747820241e-05
5.500000000000000000e+01 3.771821232941074080e-05
5.600000000000000000e+01 2.794658254087718986e-05
5.700000000000000000e+01 3.790686425476481284e-05
5.800000000000000000e+01 4.104768611715408077e-05
5.900000000000000000e+01 4.413866964430734777e-05
6.000000000000000000e+01 5.513242309950093029e-05
6.100000000000000000e+01 5.027321766531675821e-05
6.200000000000000000e+01 3.652151659858935741e-05
6.300000000000000000e+01 3.766994043062536302e-05
6.400000000000000000e+01 4.203449918480002691e-05
6.500000000000000000e+01 3.966006160143904758e-05
6.600000000000000000e+01 3.273868953419112874e-05
6.700000000000000000e+01 2.545658891524135955e-05
6.800000000000000000e+01 2.193563739169060152e-05
6.900000000000000000e+01 2.774430787667091854e-05
7.000000000000000000e+01 2.905079873554128109e-05
7.100000000000000000e+01 2.284993694138844129e-05
7.200000000000000000e+01 3.108788947837461754e-05
7.300000000000000000e+01 4.677540851975782210e-05
7.400000000000000000e+01 3.333959671018741304e-05
7.500000000000000000e+01 2.532457728419361981e-05
7.600000000000000000e+01 2.491832080890102116e-05
7.700000000000000000e+01 2.695038768733040070e-05
7.800000000000000000e+01 2.934432981372582850e-05
7.900000000000000000e+01 3.029367263027201975e-05
8.000000000000000000e+01 2.120620933581081129e-05
8.100000000000000000e+01 1.631527645282043951e-05
8.200000000000000000e+01 1.711870218241395069e-05
8.300000000000000000e+01 1.579119260565614038e-05
8.400000000000000000e+01 2.203731002987153906e-05
8.500000000000000000e+01 2.173428343012813135e-05
8.600000000000000000e+01 1.641655647394792860e-05
8.700000000000000000e+01 1.795921429627663854e-05
8.800000000000000000e+01 2.008887677745082142e-05
8.900000000000000000e+01 1.734161381985387142e-05
9.000000000000000000e+01 1.596600501345464025e-05
9.100000000000000000e+01 2.045419452243047909e-05
9.200000000000000000e+01 1.816264858920944958e-05
9.300000000000000000e+01 1.442365031383223966e-05
9.400000000000000000e+01 1.704040448060933146e-05
9.500000000000000000e+01 1.791214555474397854e-05
9.600000000000000000e+01 1.740825748412300886e-05
9.700000000000000000e+01 1.531623344584067859e-05
9.800000000000000000e+01 1.378952884158113043e-05
9.900000000000000000e+01 1.795272333749672842e-05
