0.000000000000000000e+00 1.123004745169009028e-04
1.000000000000000000e+00 4.405585423056205142e-04
2.000000000000000000e+00 3.296271497386059888e-04
3.000000000000000000e+00 3.575703156039870974e-04
4.000000000000000000e+00 1.030973250725081020e-04
5.000000000000000000e+00 -1.313679950744645938e-05
6.000000000000000000e+00 1.296103513551608954e-04
7.000000000000000000e+00 1.142458009345033053e-04
8.000000000000000000e+00 6.570126018035080183e-05
9.000000000000000000e+00 1.725572228420190022e-04
1.000000000000000000e+01 2.420516746257588112e-04
1.100000000000000000e+01 1.716058123380490897e-04
1.200000000000000000e+01 1.457466791254958941e-04
1.300000000000000000e+01 2.264933629203244906e-04
1.400000000000000000e+01 2.307449704664061955e-04
1.500000000000000000e+01 2.214578441852667117e-04
1.600000000000000000e+01 1.168657088802508995e-04
1.700000000000000000e+01 4.192447762287687750e-05
1.800000000000000000e+01 7.417765558695128077e-05
1.900000000000000000e+01 1.101629681657280961e-04
2.000000000000000000e+01 1.074457569238710059e-04
2.100000000000000000e+01 8.958879409862593676e-05
2.200000000000000000e+01 6.777810167003167424e-05
2.300000000000000000e+01 6.545503047030588721e-05
2.400000000000000000e+01 1.267152343969295009e-04
2.500000000000000000e+01 1.484774009577982895e-04
2.600000000000000000e+01 1.074080518026736947e-04
2.700000000000000000e+01 8.521423184617074858e-05
2.800000000000000000e+01 7.290539548965212983e-05
2.900000000000000000e+01 7.965416491898064610e-05
3.000000000000000000e+01 1.137178061113297014e-04
3.100000000000000000e+01 9.614912049114039802e-05
3.200000000000000000e+01 1.132323462369437002e-04
3.300000000000000000e+01 1.034805319219846002e-04
3.400000000000000000e+01 4.296114286886946267e-05
3.500000000000000000e+01 3.582886062867348694e-05
3.600000000000000000e+01 7.181901072757317886e-05
3.700000000000000000e+01 7.109022079941226758e-05
3.800000000000000000e+01 5.620248028136119191e-05
3.900000000000000000e+01 4.555963725739357124e-05
4.000000000000000000e+01 3.446613559191617906e-05
4.100000000000000000e+01 2.899790869373955113e-05
4.200000000000000000e+01 3.864154974396303730e-05
4.300000000000000000e+01 4.988831741502002291e-05
4.400000000000000000e+01 4.229021472959778753e-05
4.500000000000000000e+01 4.202696703167352213e-05
4.600000000000000000e+01 4.851558411665779193e-05
4.700000000000000000e+01 4.392137976904149268e-05
4.800000000000000000e+01 4.931433855049884235e-05
4.900000000000000000e+01 4.374688038614867817e-05
5.000000000000000000e+01 2.838472925152704912e-05
5.100000000000000000e+01 3.359994742068158838e-05
5.200000000000000000e+01 3.275589200591613281e-05
5.300000000000000000e+01 2.274865110534470892e-05
5.400000000000000000e+01 3.143966392446939249e-05
5.500000000000000000e+01 3.366260512545755202e-05
5.600000000000000000e+01 3.070430458628935281e-05
5.700000000000000000e+01 3.080943862508663282e-05
5.800000000000000000e+01 3.016864626301230917e-05
5.900000000000000000e+01 2.603205441269094042e-05
6.000000000000000000e+01 1.893990506624978925e-05
6.100000000000000000e+01 2.997758342193968038e-05
6.200000000000000000e+01 3.355801865633607843e-05
6.300000000000000000e+01 3.116376267128251207e-05
6.400000000000000000e+01 4.183608384030969198e-05
6.500000000000000000e+01 3.472476847409074663e-05
6.600000000000000000e+01 2.966579243464772110e-05
6.700000000000000000e+01 3.247132709664999223e-05
6.800000000000000000e+01 2.850353121361956857e-05
6.900000000000000000e+01 2.434275496519065960e-05
7.000000000000000000e+01 2.676218473538110847e-05
7.100000000000000000e+01 2.583512710550085032e-05
7.200000000000000000e+01 2.512679624921139145e-05
7.300000000000000000e+01 3.038950331511140052e-05
7.400000000000000000e+01 3.627806770373260837e-05
7.500000000000000000e+01 2.702222754659179142e-05
7.600000000000000000e+01 1.720934412046080930e-05
7.700000000000000000e+01 1.780088304373289156e-05
7.800000000000000000e+01 1.956347662352260025e-05
7.900000000000000000e+01 2.071220557174979914e-05
8.000000000000000000e+01 1.859706467274621142e-05
8.100000000000000000e+01 1.888776974281250996e-05
8.200000000000000000e+01 1.951099002636831118e-05
8.300000000000000000e+01 1.951918760883587008e-05
8.400000000000000000e+01 1.701828150729661835e-05
8.500000000000000000e+01 1.546711084237907080e-05
8.600000000000000000e+01 1.782572013022636133e-05
8.700000000000000000e+01 1.675576098364507083e-05
8.800000000000000000e+01 1.579303678573800896e-05
8.900000000000000000e+01 1.681361838550324126e-05
9.000000000000000000e+01 1.769392081706622075e-05
9.100000000000000000e+01 1.666463844195186140e-05
9.200000000000000000e+01 1.350575160040142004e-05
9.300000000000000000e+01 1.342945238900244020e-05
9.400000000000000000e+01 1.499189187847990934e-05
9.500000000000000000e+01 1.197618302136636962e-05
9.600000000000000000e+01 8.792998064395757610e-06
9.700000000000000000e+01 1.235045730582679922e-05
9.800000000000000000e+01 1.769975937098813945e-05
9.900000000000000000e+01 1.508719289281527958e-05
