0.000000000000000000e+00 -6.564650958276685650e-04
1.000000000000000000e+00 4.860688701841875577e-03
2.000000000000000000e+00 4.193431515081406415e-03
3.000000000000000000e+00 3.051085715845119981e-03
4.000000000000000000e+00 3.515624747118317045e-03
5.000000000000000000e+00 1.549804994887380057e-03
6.000000000000000000e+00 2.395544550314028065e-04
7.000000000000000000e+00 1.953316165274347131e-04
8.000000000000000000e+00 5.012659386677184017e-04
9.000000000000000000e+00 6.867187229454643511e-04
1.000000000000000000e+01 4.845025368674259940e-04
1.100000000000000000e+01 1.316575199378276046e-04
1.200000000000000000e+01 1.795482528555219983e-04
1.300000000000000000e+01 4.861714062649667950e-04
1.400000000000000000e+01 3.361264865771979265e-04
1.500000000000000000e+01 9.235969762516889705e-05
1.600000000000000000e+01 8.193235093224917633e-05
1.700000000000000000e+01 8.982235622838590904e-05
1.800000000000000000e+01 1.159952142818190986e-04
1.900000000000000000e+01 3.477715308050796200e-05
2.000000000000000000e+01 4.090912285624314092e-05
2.100000000000000000e+01 1.581965598423799889e-04
2.200000000000000000e+01 1.516262464203140870e-04
2.300000000000000000e+01 1.311710488125341961e-04
2.400000000000000000e+01 9.430969937407247025e-05
2.500000000000000000e+01 9.761468415691938098e-05
2.600000000000000000e+01 7.453759361550387407e-05
2.700000000000000000e+01 7.765659548592081707e-05
2.800000000000000000e+01 9.120805816634509748e-05
2.900000000000000000e+01 6.134488232595599146e-05
3.000000000000000000e+01 6.045131075814590854e-05
3.100000000000000000e+01 1.022767072539305998e-04
3.200000000000000000e+01 1.051569928941360982e-04
3.300000000000000000e+01 6.155658536178023851e-05
3.400000000000000000e+01 4.966226063962908094e-05
3.500000000000000000e+01 9.624857140953381571e-05
3.600000000000000000e+01 1.165264126558991994e-04
3.700000000000000000e+01 5.734908935331394192e-05
3.800000000000000000e+01 5.305431542116203266e-05
3.900000000000000000e+01 8.010356584270635126e-05
4.000000000000000000e+01 6.814521578592636455e-05
4.100000000000000000e+01 2.930752686501526154e-05
4.200000000000000000e+01 2.323232630031374143e-05
4.300000000000000000e+01 4.391276200408595834e-05
4.400000000000000000e+01 4.453034413996305663e-05
4.500000000000000000e+01 3.876672933322842845e-05
4.600000000000000000e+01 4.414542827764027222e-05
4.700000000000000000e+01 4.915648994233904056e-05
4.800000000000000000e+01 3.509670685448521292e-05
4.900000000000000000e+01 5.799163254769465779e-05
5.000000000000000000e+01 8.594979776066109258e-05
5.100000000000000000e+01 7.013301411105864950e-05
5.200000000000000000e+01 4.247212131835792303e-05
5.300000000000000000e+01 4.037572901423623829e-05
5.400000000000000000e+01 4.230694960840587716e-05
5.500000000000000000e+01 2.831335997013722960e-05
5.600000000000000000e+01 4.218874665546888116e-05
5.700000000000000000e+01 5.282799551346550713e-05
5.800000000000000000e+01 3.033565171981167930e-05
5.900000000000000000e+01 6.422003788440212621e-06
6.000000000000000000e+01 2.056567827487520023e-05
6.100000000000000000e+01 3.762078142758591676e-05
6.200000000000000000e+01 4.373219512890303329e-05
6.300000000000000000e+01 3.815945467910735118e-05
6.400000000000000000e+01 3.092992115224251122e-05
6.500000000000000000e+01 3.290498186376303270e-05
6.600000000000000000e+01 2.358661493723630855e-05
6.700000000000000000e+01 1.842055337748612072e-05
6.800000000000000000e+01 1.863771417657745968e-05
6.900000000000000000e+01 2.512562815884811918e-05
7.000000000000000000e+01 2.088697839487296853e-05
7.100000000000000000e+01 2.883332622058211954e-05
7.200000000000000000e+01 6.243208941219509703e-05
7.300000000000000000e+01 5.125760318284080662e-05
7.400000000000000000e+01 3.062814160798517019e-05
7.500000000000000000e+01 2.244578043573934855e-05
7.600000000000000000e+01 2.373292881617452155e-05
7.700000000000000000e+01 2.231900388874681859e-05
7.800000000000000000e+01 2.298032436390871853e-05
7.900000000000000000e+01 2.463352589628500843e-05
8.000000000000000000e+01 2.290710432543175974e-05
8.100000000000000000e+01 1.934242788067752980e-05
8.200000000000000000e+01 1.530750805504811960e-05
8.300000000000000000e+01 2.116180691775902028e-05
8.400000000000000000e+01 2.580668961401695971e-05
8.500000000000000000e+01 2.460491027358143983e-05
8.600000000000000000e+01 2.145545986286869169e-05
8.700000000000000000e+01 7.276709637350972603e-06
8.800000000000000000e+01 1.054633198071166067e-05
8.900000000000000000e+01 1.981126281192910053e-05
9.000000000000000000e+01 1.379995898212669970e-05
9.100000000000000000e+01 1.361628119354307966e-05
9.200000000000000000e+01 1.595335756415714094e-05
9.300000000000000000e+01 1.304867954899542976e-05
9.400000000000000000e+01 1.399606057410033957e-05
9.500000000000000000e+01 1.247879955566614995e-05
9.600000000000000000e+01 8.974732250416445984e-06
9.700000000000000000e+01 1.315128639714095928e-05
9.800000000000000000e+01 1.513316869197270071e-05
9.900000000000000000e+01 1.490815492580715010e-05
