0.000000000000000000e+00 3.130724226636521926e-04
1.000000000000000000e+00 4.042172259944903402e-03
2.000000000000000000e+00 3.071217835202746157e-03
3.000000000000000000e+00 2.167449135077244207e-03
4.000000000000000000e+00 1.476385821754406906e-03
5.000000000000000000e+00 2.926505703078614135e-04
6.000000000000000000e+00 5.432735531966566831e-05
7.000000000000000000e+00 5.968153335710410799e-05
8.000000000000000000e+00 1.943253850940033101e-04
9.000000000000000000e+00 4.221960945393769859e-04
1.000000000000000000e+01 2.639747699831364856e-04
1.100000000000000000e+01 6.668389845742980413e-05
1.200000000000000000e+01 8.838112738953761861e-05
1.300000000000000000e+01 1.131137517444281943e-04
1.400000000000000000e+01 1.265172275073109048e-04
1.500000000000000000e+01 1.501039037400725060e-04
1.600000000000000000e+01 1.054633777329383015e-04
1.700000000000000000e+01 4.199440250049241326e-05
1.800000000000000000e+01 4.931396482847803054e-05
1.900000000000000000e+01 9.156610988356371169e-05
2.000000000000000000e+01 7.968726646142800700e-05
2.100000000000000000e+01 5.497006169556796311e-05
2.200000000000000000e+01 6.154898385370365349e-05
2.300000000000000000e+01 4.730997438469339094e-05
2.400000000000000000e+01 6.643977834191154433e-05
2.500000000000000000e+01 1.060253986479799040e-04
2.600000000000000000e+01 9.644108695593406474e-05
2.700000000000000000e+01 7.896588674044414805e-05
2.800000000000000000e+01 6.483327321566907696e-05
2.900000000000000000e+01 5.718996469431475796e-05
3.000000000000000000e+01 6.887574395459154179e-05
3.100000000000000000e+01 6.482714945148954913e-05
3.200000000000000000e+01 7.101202188952761567e-05
3.300000000000000000e+01 6.513415147853258817e-05
3.400000000000000000e+01 3.315385925748401180e-05
3.500000000000000000e+01 2.855534231054234880e-05
3.600000000000000000e+01 4.487124882047194177e-05
3.700000000000000000e+01 4.179987087687710688e-05
3.800000000000000000e+01 4.533742838103283201e-05
3.900000000000000000e+01 5.310037868409980084e-05
4.000000000000000000e+01 3.310649276506599282e-05
4.100000000000000000e+01 1.894005718508301871e-05
4.200000000000000000e+01 2.377162040288819840e-05
4.300000000000000000e+01 3.516229407148614250e-05
4.400000000000000000e+01 3.067905727480200946e-05
4.500000000000000000e+01 2.707380319146114858e-05
4.600000000000000000e+01 3.598986654390759011e-05
4.700000000000000000e+01 4.547620827332534695e-05
4.800000000000000000e+01 4.800410226688922154e-05
4.900000000000000000e+01 2.872476236778236897e-05
5.000000000000000000e+01 1.322612124473520075e-05
5.100000000000000000e+01 2.375690978975295148e-05
5.200000000000000000e+01 3.090607075189706285e-05
5.300000000000000000e+01 2.574601833706971038e-05
5.400000000000000000e+01 2.960053726543273954e-05
5.500000000000000000e+01 2.404809378260892085e-05
5.600000000000000000e+01 1.510320279758094979e-05
5.700000000000000000e+01 1.690860369717821018e-05
5.800000000000000000e+01 2.350122679872420088e-05
5.900000000000000000e+01 2.432160037128771842e-05
6.000000000000000000e+01 2.274846644007822878e-05
6.100000000000000000e+01 2.587319248901225917e-05
6.200000000000000000e+01 2.152416292519334859e-05
6.300000000000000000e+01 1.792913506113007972e-05
6.400000000000000000e+01 2.554280759000080071e-05
6.500000000000000000e+01 2.703408526717712061e-05
6.600000000000000000e+01 1.972415219519212093e-05
6.700000000000000000e+01 1.573060632945154838e-05
6.800000000000000000e+01 1.415576143920054992e-05
6.900000000000000000e+01 1.580011246627444020e-05
7.000000000000000000e+01 1.613715953262672095e-05
7.100000000000000000e+01 1.472972166789240057e-05
7.200000000000000000e+01 1.960306674053496868e-05
7.300000000000000000e+01 2.666267089475558917e-05
7.400000000000000000e+01 1.973373353243636992e-05
7.500000000000000000e+01 1.381460423821723956e-05
7.600000000000000000e+01 1.257096215582461923e-05
7.700000000000000000e+01 1.270414359128609924e-05
7.800000000000000000e+01 1.574741363895555980e-05
7.900000000000000000e+01 1.751774453034576009e-05
8.000000000000000000e+01 1.319490058392934991e-05
8.100000000000000000e+01 1.042949728177583944e-05
8.200000000000000000e+01 9.700483191705465188e-06
8.300000000000000000e+01 1.042422160840426056e-05
8.400000000000000000e+01 1.209256142326789999e-05
8.500000000000000000e+01 1.081106609994719002e-05
8.600000000000000000e+01 8.217434205944593962e-06
8.700000000000000000e+01 8.263907870459584563e-06
8.800000000000000000e+01 9.781758197486507741e-06
8.900000000000000000e+01 9.149108386580441954e-06
9.000000000000000000e+01 9.906333305490586585e-06
9.100000000000000000e+01 1.159148442530534991e-05
9.200000000000000000e+01 9.234306826885837037e-06
9.300000000000000000e+01 6.983117463951984174e-06
9.400000000000000000e+01 9.736684166253953862e-06
9.500000000000000000e+01 9.047735894134373069e-06
9.600000000000000000e+01 6.369614584571416404e-06
9.700000000000000000e+01 7.879653042104015477e-06
9.800000000000000000e+01 9.992858618303962105e-06
9.900000000000000000e+01 9.843829568399431294e-06
1.000000000000000000e+02 8.920939250314684891e-06
