0.000000000000000000e+00 -1.210454031830913958e-04
1.000000000000000000e+00 5.212773432520720601e-04
2.000000000000000000e+00 1.025741171113135099e-03
3.000000000000000000e+00 9.482074524831401053e-04
4.000000000000000000e+00 5.826950354191020491e-04
5.000000000000000000e+00 3.082985487631268806e-04
6.000000000000000000e+00 1.930205159404920086e-04
7.000000000000000000e+00 1.896059622286497032e-04
8.000000000000000000e+00 2.383613603860357960e-04
9.000000000000000000e+00 2.355230638184585079e-04
1.000000000000000000e+01 1.539496928369718076e-04
1.100000000000000000e+01 8.691114980445473833e-05
1.200000000000000000e+01 9.100612719210424996e-05
1.300000000000000000e+01 1.257870171786652899e-04
1.400000000000000000e+01 1.437104970780483915e-04
1.500000000000000000e+01 1.284259243680623095e-04
1.600000000000000000e+01 8.865506211622954289e-05
1.700000000000000000e+01 6.321025671570866761e-05
1.800000000000000000e+01 7.418245305005942501e-05
1.900000000000000000e+01 8.756423414756515098e-05
2.000000000000000000e+01 7.484276378276336680e-05
2.100000000000000000e+01 6.164013123956317520e-05
2.200000000000000000e+01 7.149465212550897865e-05
2.300000000000000000e+01 8.286084874485770998e-05
2.400000000000000000e+01 7.212191052400182729e-05
2.500000000000000000e+01 5.154661257291907043e-05
2.600000000000000000e+01 4.681910202521505192e-05
2.700000000000000000e+01 6.241315677015404179e-05
2.800000000000000000e+01 8.006635732503303575e-05
2.900000000000000000e+01 8.507672444755185728e-05
3.000000000000000000e+01 8.271571923347812349e-05
3.100000000000000000e+01 8.283797368454030982e-05
3.200000000000000000e+01 8.321342072721285229e-05
3.300000000000000000e+01 7.873619353554270762e-05
3.400000000000000000e+01 7.094623056989872608e-05
3.500000000000000000e+01 6.090759000377697960e-05
3.600000000000000000e+01 4.912792557005590035e-05
3.700000000000000000e+01 4.363611265966295063e-05
3.800000000000000000e+01 4.999700745999081182e-05
3.900000000000000000e+01 5.640941393388155747e-05
4.000000000000000000e+01 4.927894547865054259e-05
4.100000000000000000e+01 3.757323407747695276e-05
4.200000000000000000e+01 3.694581350765555982e-05
4.300000000000000000e+01 4.049358787388292180e-05
4.400000000000000000e+01 3.679464058991042215e-05
4.500000000000000000e+01 3.771588790299360900e-05
4.600000000000000000e+01 5.012156575814750759e-05
4.700000000000000000e+01 5.162733465585464223e-05
4.800000000000000000e+01 3.458597599243474715e-05
4.900000000000000000e+01 2.770189931238323063e-05
5.000000000000000000e+01 4.033156997001639214e-05
5.100000000000000000e+01 4.536567424880337920e-05
5.200000000000000000e+01 3.590970679659457725e-05
5.300000000000000000e+01 3.218825694779506958e-05
5.400000000000000000e+01 3.474325933818133745e-05
5.500000000000000000e+01 3.254423025549124036e-05
5.600000000000000000e+01 3.247573631711761234e-05
5.700000000000000000e+01 3.625248866818576169e-05
5.800000000000000000e+01 3.124322879482599284e-05
5.900000000000000000e+01 2.335336110711867900e-05
6.000000000000000000e+01 2.765570372698146845e-05
6.100000000000000000e+01 3.393721751984248079e-05
6.200000000000000000e+01 2.865511881989302097e-05
6.300000000000000000e+01 2.258057594156845157e-05
6.400000000000000000e+01 2.425588343415217114e-05
6.500000000000000000e+01 2.453074046040495994e-05
6.600000000000000000e+01 2.035464826530976161e-05
6.700000000000000000e+01 1.819301056216843940e-05
6.800000000000000000e+01 1.844109803990845862e-05
6.900000000000000000e+01 1.907529802478023144e-05
7.000000000000000000e+01 1.993576632476113959e-05
7.100000000000000000e+01 1.819493061977771036e-05
7.200000000000000000e+01 1.490013045723514960e-05
7.300000000000000000e+01 1.606240447732495125e-05
7.400000000000000000e+01 1.967048391369341119e-05
7.500000000000000000e+01 1.943525436410295106e-05
7.600000000000000000e+01 1.762283628019585134e-05
7.700000000000000000e+01 1.751824514767256853e-05
7.800000000000000000e+01 1.645853453283778966e-05
7.900000000000000000e+01 1.479476420535151937e-05
8.000000000000000000e+01 1.516486884034622038e-05
8.100000000000000000e+01 1.542916466987987842e-05
8.200000000000000000e+01 1.490430537523640974e-05
8.300000000000000000e+01 1.612867896685153110e-05
8.400000000000000000e+01 1.687361392942783944e-05
8.500000000000000000e+01 1.477533476651234050e-05
8.600000000000000000e+01 1.335028289089097054e-05
8.700000000000000000e+01 1.314939328571594013e-05
8.800000000000000000e+01 1.100198762608559064e-05
8.900000000000000000e+01 9.828311136096973564e-06
9.000000000000000000e+01 1.293876819437377969e-05
9.100000000000000000e+01 1.536147026531739027e-05
9.200000000000000000e+01 1.339087682393203977e-05
9.300000000000000000e+01 1.088167290326464020e-05
9.400000000000000000e+01 1.085444899895267052e-05
9.500000000000000000e+01 1.251040258734530046e-05
9.600000000000000000e+01 1.453332725007924989e-05
9.700000000000000000e+01 1.481289093477276978e-05
9.800000000000000000e+01 1.289040154172697942e-05
9.900000000000000000e+01 1.179938024580216082e-05
