0.000000000000000000e+00 -3.173898090860412810e-04
1.000000000000000000e+00 2.846550042218504942e-04
2.000000000000000000e+00 8.393117157701885907e-04
3.000000000000000000e+00 9.053138301061648338e-04
4.000000000000000000e+00 6.301922438296447479e-04
5.000000000000000000e+00 3.253523011237547270e-04
6.000000000000000000e+00 1.377700965676509066e-04
7.000000000000000000e+00 1.067368091943600943e-04
8.000000000000000000e+00 1.698601143511006947e-04
9.000000000000000000e+00 1.671783637074783914e-04
1.000000000000000000e+01 5.981525227645427290e-05
1.100000000000000000e+01 -1.812243833280164050e-06
1.200000000000000000e+01 5.623155161227993238e-05
1.300000000000000000e+01 1.225382750896893071e-04
1.400000000000000000e+01 1.193731535282110018e-04
1.500000000000000000e+01 9.437068930023680905e-05
1.600000000000000000e+01 8.029602586945522400e-05
1.700000000000000000e+01 6.363572291818265581e-05
1.800000000000000000e+01 5.785791085119251716e-05
1.900000000000000000e+01 6.965261045601613024e-05
2.000000000000000000e+01 6.754876588434765260e-05
2.100000000000000000e+01 5.119988681369992993e-05
2.200000000000000000e+01 5.161522671811226724e-05
2.300000000000000000e+01 5.878091000053222023e-05
2.400000000000000000e+01 5.042238051965965189e-05
2.500000000000000000e+01 4.770637080138251222e-05
2.600000000000000000e+01 6.225909337706441002e-05
2.700000000000000000e+01 6.451362681902018828e-05
2.800000000000000000e+01 5.083483028089355246e-05
2.900000000000000000e+01 5.168498201320868065e-05
3.000000000000000000e+01 6.209847850090402098e-05
3.100000000000000000e+01 5.199791458682403007e-05
3.200000000000000000e+01 3.035098675968113938e-05
3.300000000000000000e+01 2.688755818899673863e-05
3.400000000000000000e+01 3.906302005586904290e-05
3.500000000000000000e+01 4.618675694151473183e-05
3.600000000000000000e+01 4.407820562047052058e-05
3.700000000000000000e+01 3.886418760943533761e-05
3.800000000000000000e+01 3.359178500816172296e-05
3.900000000000000000e+01 3.146667900262466779e-05
4.000000000000000000e+01 3.421810576873237177e-05
4.100000000000000000e+01 3.686980587183856219e-05
4.200000000000000000e+01 3.435796546590176814e-05
4.300000000000000000e+01 2.908306438879552005e-05
4.400000000000000000e+01 2.596452839757859863e-05
4.500000000000000000e+01 2.583735684350871146e-05
4.600000000000000000e+01 2.840699937526337986e-05
4.700000000000000000e+01 3.398221650944343799e-05
4.800000000000000000e+01 3.757024387243524765e-05
4.900000000000000000e+01 3.302615871534362782e-05
5.000000000000000000e+01 2.680995123358686041e-05
5.100000000000000000e+01 3.007647860760597155e-05
5.200000000000000000e+01 3.712075900816415747e-05
5.300000000000000000e+01 3.529637843227954739e-05
5.400000000000000000e+01 3.006641537651033111e-05
5.500000000000000000e+01 3.252647249275396769e-05
5.600000000000000000e+01 3.501843395151978773e-05
5.700000000000000000e+01 2.687041875220530014e-05
5.800000000000000000e+01 1.700001759058914142e-05
5.900000000000000000e+01 1.788116663587820904e-05
6.000000000000000000e+01 2.485069425745535873e-05
6.100000000000000000e+01 2.645219437260955042e-05
6.200000000000000000e+01 2.130646695160463004e-05
6.300000000000000000e+01 1.695919364467756156e-05
6.400000000000000000e+01 1.827820542157919842e-05
6.500000000000000000e+01 2.068540361304971962e-05
6.600000000000000000e+01 1.860654732029600941e-05
6.700000000000000000e+01 1.697019021820742868e-05
6.800000000000000000e+01 2.162975928193332950e-05
6.900000000000000000e+01 2.532959503639979946e-05
7.000000000000000000e+01 2.051744230678479911e-05
7.100000000000000000e+01 1.404064125713738952e-05
7.200000000000000000e+01 1.300708863042881974e-05
7.300000000000000000e+01 1.319327299469179937e-05
7.400000000000000000e+01 1.193505402212689036e-05
7.500000000000000000e+01 1.284405528430957994e-05
7.600000000000000000e+01 1.475684577640817071e-05
7.700000000000000000e+01 1.375921831331364969e-05
7.800000000000000000e+01 1.201964418903491065e-05
7.900000000000000000e+01 1.254173117084344059e-05
8.000000000000000000e+01 1.386308702258916989e-05
8.100000000000000000e+01 1.469644376826953009e-05
8.200000000000000000e+01 1.456162284246913016e-05
8.300000000000000000e+01 1.201012833945083074e-05
8.400000000000000000e+01 8.741367226036944379e-06
8.500000000000000000e+01 8.811198154983320013e-06
8.600000000000000000e+01 1.152274528014250033e-05
8.700000000000000000e+01 1.270009022480679959e-05
8.800000000000000000e+01 1.138387079033501052e-05
8.900000000000000000e+01 9.784854827373726865e-06
9.000000000000000000e+01 9.896798601423612354e-06
9.100000000000000000e+01 1.166471407197024003e-05
9.200000000000000000e+01 1.220800790460948989e-05
9.300000000000000000e+01 9.638525416068602044e-06
9.400000000000000000e+01 7.366177305808169414e-06
9.500000000000000000e+01 8.992323781393277444e-06
9.600000000000000000e+01 1.194050543983311048e-05
9.700000000000000000e+01 1.214121246494012971e-05
9.800000000000000000e+01 1.018510348150074929e-05
9.900000000000000000e+01 8.612929751883231935e-06
