0.000000000000000000e+00 -5.906033325956953255e-04
1.000000000000000000e+00 3.619657806413417787e-04
2.000000000000000000e+00 1.321726553473775989e-03
3.000000000000000000e+00 1.424462700266519071e-03
4.000000000000000000e+00 8.034383351169249472e-04
5.000000000000000000e+00 2.356382678811537923e-04
6.000000000000000000e+00 8.522465051779685205e-05
7.000000000000000000e+00 1.172808587103012050e-04
8.000000000000000000e+00 1.253571268553705135e-04
9.000000000000000000e+00 1.154812856353647948e-04
1.000000000000000000e+01 7.004066462167141886e-05
1.100000000000000000e+01 7.107917171372615602e-06
1.200000000000000000e+01 3.278155248644677971e-05
1.300000000000000000e+01 1.126540166411447975e-04
1.400000000000000000e+01 1.090172533646626953e-04
1.500000000000000000e+01 5.065452941634375147e-05
1.600000000000000000e+01 4.272488784919223679e-05
1.700000000000000000e+01 5.521274625986495122e-05
1.800000000000000000e+01 4.274843079420277144e-05
1.900000000000000000e+01 4.784525937227790767e-05
2.000000000000000000e+01 7.080823500479642896e-05
2.100000000000000000e+01 6.449041130752708711e-05
2.200000000000000000e+01 4.379179487935749989e-05
2.300000000000000000e+01 3.665485599028077803e-05
2.400000000000000000e+01 3.039687203590021113e-05
2.500000000000000000e+01 3.321843520211611794e-05
2.600000000000000000e+01 5.664800158294353754e-05
2.700000000000000000e+01 6.583197968894537947e-05
2.800000000000000000e+01 4.873948534218446705e-05
2.900000000000000000e+01 4.046549521596933945e-05
3.000000000000000000e+01 4.321944733881064813e-05
3.100000000000000000e+01 3.597095422602008207e-05
3.200000000000000000e+01 3.120056216056758732e-05
3.300000000000000000e+01 3.519381540243425328e-05
3.400000000000000000e+01 2.945161869072348984e-05
3.500000000000000000e+01 2.229511631904744127e-05
3.600000000000000000e+01 3.054645254009375204e-05
3.700000000000000000e+01 3.688610517922870163e-05
3.800000000000000000e+01 3.090613710323928938e-05
3.900000000000000000e+01 2.849397102811133888e-05
4.000000000000000000e+01 2.855561898499484874e-05
4.100000000000000000e+01 2.142871222966840950e-05
4.200000000000000000e+01 1.855010652089105960e-05
4.300000000000000000e+01 2.400726430691894054e-05
4.400000000000000000e+01 2.499746288460777112e-05
4.500000000000000000e+01 2.345977965104344964e-05
4.600000000000000000e+01 2.609894402814801832e-05
4.700000000000000000e+01 2.481189297483797108e-05
4.800000000000000000e+01 1.951817125615588845e-05
4.900000000000000000e+01 1.993797193547547082e-05
5.000000000000000000e+01 2.178377277427026899e-05
5.100000000000000000e+01 1.975711205634629906e-05
5.200000000000000000e+01 2.055085354898298987e-05
5.300000000000000000e+01 2.272780596850631135e-05
5.400000000000000000e+01 1.984670588099137013e-05
5.500000000000000000e+01 1.851971873042711962e-05
5.600000000000000000e+01 2.159208630649319129e-05
5.700000000000000000e+01 1.957486424356920908e-05
5.800000000000000000e+01 1.439838783578473970e-05
5.900000000000000000e+01 1.665034919199269878e-05
6.000000000000000000e+01 2.227350874229758895e-05
6.100000000000000000e+01 2.171499836764003010e-05
6.200000000000000000e+01 1.670669639753314119e-05
6.300000000000000000e+01 1.286458607308689057e-05
6.400000000000000000e+01 1.267535876564980052e-05
6.500000000000000000e+01 1.567572875160326058e-05
6.600000000000000000e+01 1.740588542796328933e-05
6.700000000000000000e+01 1.653920486927478909e-05
6.800000000000000000e+01 1.713671875972504045e-05
6.900000000000000000e+01 1.738549420441167111e-05
7.000000000000000000e+01 1.369019279339873084e-05
7.100000000000000000e+01 1.219624097902024992e-05
7.200000000000000000e+01 1.556893350112377989e-05
7.300000000000000000e+01 1.529573245654742886e-05
7.400000000000000000e+01 1.102455507772989916e-05
7.500000000000000000e+01 1.105707544443101933e-05
7.600000000000000000e+01 1.297130455326240033e-05
7.700000000000000000e+01 1.105029201544105963e-05
7.800000000000000000e+01 9.755954789885577672e-06
7.900000000000000000e+01 1.110940905053850067e-05
8.000000000000000000e+01 1.057581613898299054e-05
8.100000000000000000e+01 9.889602675083591780e-06
8.200000000000000000e+01 1.175410660459862917e-05
8.300000000000000000e+01 1.132036591986125018e-05
8.400000000000000000e+01 7.737463266910007707e-06
8.500000000000000000e+01 6.792879770602384311e-06
8.600000000000000000e+01 8.636857856506581461e-06
8.700000000000000000e+01 9.587445586000148100e-06
8.800000000000000000e+01 9.607654094174590493e-06
8.900000000000000000e+01 9.006915982532666685e-06
9.000000000000000000e+01 8.248603618888360843e-06
9.100000000000000000e+01 9.370826412392077804e-06
9.200000000000000000e+01 1.032645170865210005e-05
9.300000000000000000e+01 8.122723134235615368e-06
9.400000000000000000e+01 6.688012320986041188e-06
9.500000000000000000e+01 8.959299883887220030e-06
9.600000000000000000e+01 1.084540638505828025e-05
9.700000000000000000e+01 1.109139087172651015e-05
9.800000000000000000e+01 1.208043301205178028e-05
9.900000000000000000e+01 1.179611674728667014e-05
