0.000000000000000000e+00 -3.172474492188845775e-04
1.000000000000000000e+00 2.107049217397763906e-04
2.000000000000000000e+00 7.804279725904309222e-04
3.000000000000000000e+00 8.855286649745133971e-04
4.000000000000000000e+00 5.536854157591515483e-04
5.000000000000000000e+00 2.335698533659338113e-04
6.000000000000000000e+00 1.364737723322486036e-04
7.000000000000000000e+00 1.060860695752395994e-04
8.000000000000000000e+00 6.483550466484676224e-05
9.000000000000000000e+00 7.673647368012362683e-05
1.000000000000000000e+01 8.816953649897548307e-05
1.100000000000000000e+01 3.624897891830807743e-05
1.200000000000000000e+01 1.282810183828924073e-05
1.300000000000000000e+01 5.849469763177499323e-05
1.400000000000000000e+01 7.647520029621623341e-05
1.500000000000000000e+01 4.881457850870023083e-05
1.600000000000000000e+01 4.309020594488178324e-05
1.700000000000000000e+01 4.735785404260197290e-05
1.800000000000000000e+01 3.322437300474400052e-05
1.900000000000000000e+01 4.153998875711869827e-05
2.000000000000000000e+01 7.175498568007523058e-05
2.100000000000000000e+01 6.662421355640788651e-05
2.200000000000000000e+01 3.379351261350811220e-05
2.300000000000000000e+01 2.115375985182783999e-05
2.400000000000000000e+01 2.640389999259694872e-05
2.500000000000000000e+01 3.369651612723374273e-05
2.600000000000000000e+01 4.625223606527064036e-05
2.700000000000000000e+01 5.170886081857932785e-05
2.800000000000000000e+01 4.227957273595103158e-05
2.900000000000000000e+01 3.938496204528866217e-05
3.000000000000000000e+01 4.824662163291822814e-05
3.100000000000000000e+01 5.059386606413948678e-05
3.200000000000000000e+01 4.690066696980030688e-05
3.300000000000000000e+01 4.481325037629853720e-05
3.400000000000000000e+01 3.718854984183069331e-05
3.500000000000000000e+01 2.613590316983280945e-05
3.600000000000000000e+01 2.252125897028525939e-05
3.700000000000000000e+01 2.216544399709735017e-05
3.800000000000000000e+01 2.055371977414696973e-05
3.900000000000000000e+01 2.265246643680812890e-05
4.000000000000000000e+01 2.352706735492356954e-05
4.100000000000000000e+01 1.816381526202048903e-05
4.200000000000000000e+01 1.831635667389563098e-05
4.300000000000000000e+01 2.823500096825013136e-05
4.400000000000000000e+01 3.447514293230716204e-05
4.500000000000000000e+01 3.267604486230833662e-05
4.600000000000000000e+01 3.003319882209611117e-05
4.700000000000000000e+01 2.769577390232806052e-05
4.800000000000000000e+01 2.496522158125389019e-05
4.900000000000000000e+01 2.376339067163728887e-05
5.000000000000000000e+01 2.259197940782843995e-05
5.100000000000000000e+01 2.154804769510584110e-05
5.200000000000000000e+01 2.280918286238188138e-05
5.300000000000000000e+01 2.204994415410307997e-05
5.400000000000000000e+01 1.748592120975325106e-05
5.500000000000000000e+01 1.610212487141373882e-05
5.600000000000000000e+01 1.710721276616419164e-05
5.700000000000000000e+01 1.331467074771500979e-05
5.800000000000000000e+01 1.028667939627341072e-05
5.900000000000000000e+01 1.554124625020189985e-05
6.000000000000000000e+01 2.123568116801643086e-05
6.100000000000000000e+01 2.039350405517461972e-05
6.200000000000000000e+01 1.871187032154760909e-05
6.300000000000000000e+01 1.983452291840649950e-05
6.400000000000000000e+01 2.110024343420365025e-05
6.500000000000000000e+01 2.162627888311561883e-05
6.600000000000000000e+01 2.078328297369428886e-05
6.700000000000000000e+01 1.870993079326065025e-05
6.800000000000000000e+01 1.895739635129358073e-05
6.900000000000000000e+01 2.054953079614739119e-05
7.000000000000000000e+01 1.879272388259373166e-05
7.100000000000000000e+01 1.679679801341878002e-05
7.200000000000000000e+01 1.876832862479633126e-05
7.300000000000000000e+01 1.946059715366076851e-05
7.400000000000000000e+01 1.585668968943107997e-05
7.500000000000000000e+01 1.348411801731857060e-05
7.600000000000000000e+01 1.388059521604887056e-05
7.700000000000000000e+01 1.374913976158656939e-05
7.800000000000000000e+01 1.326942231910806079e-05
7.900000000000000000e+01 1.253389956856059064e-05
8.000000000000000000e+01 1.097033231097203925e-05
8.100000000000000000e+01 1.236875783603462925e-05
8.200000000000000000e+01 1.681957888568734038e-05
8.300000000000000000e+01 1.691150619895078901e-05
8.400000000000000000e+01 1.189373554254652060e-05
8.500000000000000000e+01 9.305250555106474558e-06
8.600000000000000000e+01 1.068848020534161972e-05
8.700000000000000000e+01 1.238133261618230022e-05
8.800000000000000000e+01 1.378512987992615940e-05
8.900000000000000000e+01 1.407876804540115969e-05
9.000000000000000000e+01 1.232122890657560072e-05
9.100000000000000000e+01 1.179682910900526081e-05
9.200000000000000000e+01 1.329538424786433014e-05
9.300000000000000000e+01 1.271183152126016986e-05
9.400000000000000000e+01 1.095424772741270928e-05
9.500000000000000000e+01 1.215728501354263917e-05
9.600000000000000000e+01 1.391053377766314980e-05
9.700000000000000000e+01 1.275794765442187040e-05
9.800000000000000000e+01 1.113833353320708953e-05
9.900000000000000000e+01 1.098406520916609036e-05
