0.000000000000000000e+00 -3.729148531719608827e-04
1.000000000000000000e+00 7.334884244565287575e-04
2.000000000000000000e+00 1.815690309216106075e-03
3.000000000000000000e+00 1.798949598619131035e-03
4.000000000000000000e+00 8.849977096048185872e-04
5.000000000000000000e+00 1.535217885551202045e-04
6.000000000000000000e+00 4.474628360260600050e-05
7.000000000000000000e+00 9.781410268223808763e-05
8.000000000000000000e+00 2.734168133045037941e-05
9.000000000000000000e+00 1.015282621629786065e-05
1.000000000000000000e+01 7.806423181247100984e-05
1.100000000000000000e+01 9.996537791884597989e-05
1.200000000000000000e+01 1.101524431095745980e-04
1.300000000000000000e+01 1.408119443046072913e-04
1.400000000000000000e+01 1.103728006328559991e-04
1.500000000000000000e+01 5.437246068060424663e-05
1.600000000000000000e+01 6.038208283930349027e-05
1.700000000000000000e+01 6.412501551196213051e-05
1.800000000000000000e+01 2.333369965535203114e-05
1.900000000000000000e+01 3.223312118390626093e-05
2.000000000000000000e+01 1.019306950141521005e-04
2.100000000000000000e+01 1.340372271930675996e-04
2.200000000000000000e+01 1.155317279087120951e-04
2.300000000000000000e+01 9.444689725073875108e-05
2.400000000000000000e+01 7.387284993448661480e-05
2.500000000000000000e+01 5.869109767365923122e-05
2.600000000000000000e+01 6.159669530040640009e-05
2.700000000000000000e+01 5.924438372891401808e-05
2.800000000000000000e+01 4.616432086123504959e-05
2.900000000000000000e+01 4.334767927785372973e-05
3.000000000000000000e+01 3.284605481537536663e-05
3.100000000000000000e+01 4.603574040609916363e-06
3.200000000000000000e+01 3.572643520365987059e-06
3.300000000000000000e+01 3.657460204214782337e-05
3.400000000000000000e+01 5.114011675008478053e-05
3.500000000000000000e+01 3.897581909707208223e-05
3.600000000000000000e+01 3.398255617016751151e-05
3.700000000000000000e+01 3.771251764943460259e-05
3.800000000000000000e+01 3.902471136330421095e-05
3.900000000000000000e+01 4.264076663913800102e-05
4.000000000000000000e+01 4.349349491940263909e-05
4.100000000000000000e+01 3.634037652084422818e-05
4.200000000000000000e+01 3.139488307437364667e-05
4.300000000000000000e+01 2.672126534056247003e-05
4.400000000000000000e+01 1.392151482074149053e-05
4.500000000000000000e+01 5.597843601976595197e-06
4.600000000000000000e+01 1.090695160887650010e-05
4.700000000000000000e+01 1.750660285248933855e-05
4.800000000000000000e+01 1.746017075724809917e-05
4.900000000000000000e+01 1.238079324119704067e-05
5.000000000000000000e+01 3.957232239906668879e-06
5.100000000000000000e+01 -8.626131433044666669e-07
5.200000000000000000e+01 -1.721022290874660075e-06
5.300000000000000000e+01 -7.752727684710456887e-06
5.400000000000000000e+01 -1.006074062973365926e-05
5.500000000000000000e+01 3.592567550205008173e-06
5.600000000000000000e+01 1.422052644616787945e-05
5.700000000000000000e+01 6.654541190097717220e-06
5.800000000000000000e+01 -1.580356313009825970e-06
5.900000000000000000e+01 -3.677540211491168795e-06
6.000000000000000000e+01 -9.855270417669528777e-06
6.100000000000000000e+01 -8.885954030162494409e-06
6.200000000000000000e+01 8.001369572489175407e-06
6.300000000000000000e+01 2.127778195305950987e-05
6.400000000000000000e+01 2.408228677265874143e-05
6.500000000000000000e+01 2.696441040958902892e-05
6.600000000000000000e+01 2.310324747176241105e-05
6.700000000000000000e+01 1.282531433016968944e-05
6.800000000000000000e+01 1.685990229141882908e-05
6.900000000000000000e+01 2.629089278480398865e-05
7.000000000000000000e+01 1.482745884842668070e-05
7.100000000000000000e+01 -2.281854466160311059e-06
7.200000000000000000e+01 -1.488059344036411089e-06
7.300000000000000000e+01 2.017613916304649842e-06
7.400000000000000000e+01 -1.370847469846253042e-06
7.500000000000000000e+01 4.806051632837769282e-06
7.600000000000000000e+01 1.767216554555718148e-05
7.700000000000000000e+01 1.953598884772288048e-05
7.800000000000000000e+01 1.310650561074169976e-05
7.900000000000000000e+01 7.167165598416700930e-06
8.000000000000000000e+01 4.028503751799008935e-06
8.100000000000000000e+01 8.847050819708904710e-06
8.200000000000000000e+01 1.506866437097012924e-05
8.300000000000000000e+01 7.094725708285184662e-06
8.400000000000000000e+01 -7.351452905760063407e-06
8.500000000000000000e+01 -1.118364698086378018e-05
8.600000000000000000e+01 -8.631538770334045332e-06
8.700000000000000000e+01 -4.635897486035985705e-06
8.800000000000000000e+01 4.757251962614039789e-06
8.900000000000000000e+01 9.558914791852136372e-06
9.000000000000000000e+01 3.271970793454628001e-06
9.100000000000000000e+01 1.066935165210025930e-06
9.200000000000000000e+01 4.684256791015698748e-06
9.300000000000000000e+01 4.972777561849603140e-08
9.400000000000000000e+01 -4.147478358874676871e-06
9.500000000000000000e+01 2.999353707125526816e-06
9.600000000000000000e+01 4.479362774760455705e-06
9.700000000000000000e+01 -4.847368700417239030e-06
9.800000000000000000e+01 -4.656706635166716687e-06
9.900000000000000000e+01 4.162626054182852845e-06
