0.000000000000000000e+00 -2.277213408200929972e-04
1.000000000000000000e+00 3.300301372201458190e-04
2.000000000000000000e+00 8.147604294958081528e-04
3.000000000000000000e+00 8.114463216496280032e-04
4.000000000000000000e+00 4.991993379196383186e-04
5.000000000000000000e+00 2.125606587634279877e-04
6.000000000000000000e+00 7.580798101320678655e-05
7.000000000000000000e+00 6.968997740077330252e-05
8.000000000000000000e+00 1.193376777521487956e-04
9.000000000000000000e+00 1.181037598466302003e-04
1.000000000000000000e+01 4.723158615584802323e-05
1.100000000000000000e+01 5.528046469628404593e-06
1.200000000000000000e+01 4.327718773585297204e-05
1.300000000000000000e+01 9.268266533058532150e-05
1.400000000000000000e+01 9.642075887612865971e-05
1.500000000000000000e+01 7.393834822466020318e-05
1.600000000000000000e+01 5.339486501533523022e-05
1.700000000000000000e+01 4.025469031827518321e-05
1.800000000000000000e+01 3.889262273298887284e-05
1.900000000000000000e+01 4.391959943780739264e-05
2.000000000000000000e+01 4.048185456683617994e-05
2.100000000000000000e+01 3.439969686323265333e-05
2.200000000000000000e+01 4.009921194504420088e-05
2.300000000000000000e+01 4.607562941521543804e-05
2.400000000000000000e+01 3.742376342720656708e-05
2.500000000000000000e+01 2.865461634340100969e-05
2.600000000000000000e+01 3.506208663342783233e-05
2.700000000000000000e+01 4.455786974346314993e-05
2.800000000000000000e+01 4.585160358350369903e-05
2.900000000000000000e+01 4.696089863448013336e-05
3.000000000000000000e+01 4.949947355027396701e-05
3.100000000000000000e+01 4.267218730724743793e-05
3.200000000000000000e+01 2.922868676226508006e-05
3.300000000000000000e+01 2.361313823702418938e-05
3.400000000000000000e+01 2.645142417801542019e-05
3.500000000000000000e+01 2.748280130245142998e-05
3.600000000000000000e+01 2.510073898818871010e-05
3.700000000000000000e+01 2.393926365417195970e-05
3.800000000000000000e+01 2.401771801731607888e-05
3.900000000000000000e+01 2.329581701185772058e-05
4.000000000000000000e+01 2.200614695398241894e-05
4.100000000000000000e+01 2.111039778212852130e-05
4.200000000000000000e+01 2.107697182544747029e-05
4.300000000000000000e+01 2.070995334173833063e-05
4.400000000000000000e+01 1.851182592788593132e-05
4.500000000000000000e+01 1.758552879078711982e-05
4.600000000000000000e+01 2.155167447561539114e-05
4.700000000000000000e+01 2.546243109189373047e-05
4.800000000000000000e+01 2.284978307999121943e-05
4.900000000000000000e+01 1.782502848234286051e-05
5.000000000000000000e+01 1.719580414874276994e-05
5.100000000000000000e+01 1.894223295874965127e-05
5.200000000000000000e+01 1.883502336973475158e-05
5.300000000000000000e+01 1.768400172769042124e-05
5.400000000000000000e+01 1.714731894650121908e-05
5.500000000000000000e+01 1.793577168439446882e-05
5.600000000000000000e+01 1.999494678669030970e-05
5.700000000000000000e+01 1.950194698807204035e-05
5.800000000000000000e+01 1.441929124764166077e-05
5.900000000000000000e+01 1.143925398016037069e-05
6.000000000000000000e+01 1.488793854186520027e-05
6.100000000000000000e+01 1.727481965778333164e-05
6.200000000000000000e+01 1.361754389241290065e-05
6.300000000000000000e+01 1.096417974352711018e-05
6.400000000000000000e+01 1.343441590491414989e-05
6.500000000000000000e+01 1.467362473409534938e-05
6.600000000000000000e+01 1.157764189206181968e-05
6.700000000000000000e+01 9.492901218393062424e-06
6.800000000000000000e+01 1.107370295766890021e-05
6.900000000000000000e+01 1.247128218436316971e-05
7.000000000000000000e+01 1.099575002769414935e-05
7.100000000000000000e+01 8.593397459919056115e-06
7.200000000000000000e+01 7.715077725564431868e-06
7.300000000000000000e+01 7.946222652687211222e-06
7.400000000000000000e+01 7.883522045753702854e-06
7.500000000000000000e+01 8.022249894588295694e-06
7.600000000000000000e+01 8.973734013596792924e-06
7.700000000000000000e+01 9.164404616435273816e-06
7.800000000000000000e+01 7.904600104116484019e-06
7.900000000000000000e+01 7.181863572323772630e-06
8.000000000000000000e+01 7.740841365843327692e-06
8.100000000000000000e+01 8.249657707019497827e-06
8.200000000000000000e+01 8.527547080280181333e-06
8.300000000000000000e+01 8.542546210545604913e-06
8.400000000000000000e+01 7.218503277750989080e-06
8.500000000000000000e+01 5.720395160181348612e-06
8.600000000000000000e+01 6.235599713478322235e-06
8.700000000000000000e+01 7.102545229424907971e-06
8.800000000000000000e+01 6.033629721991025853e-06
8.900000000000000000e+01 5.077845124363289577e-06
9.000000000000000000e+01 6.197924638717290579e-06
9.100000000000000000e+01 7.374941674058169650e-06
9.200000000000000000e+01 6.835243654006936743e-06
9.300000000000000000e+01 5.460709473532737170e-06
9.400000000000000000e+01 4.660932750753242819e-06
9.500000000000000000e+01 5.618097653144117049e-06
9.600000000000000000e+01 8.005279093983557406e-06
9.700000000000000000e+01 8.973372329080348090e-06
9.800000000000000000e+01 7.365774533367349407e-06
9.900000000000000000e+01 5.917686524421076102e-06
1.000000000000000000e+02 6.106979016262258599e-06
