0.000000000000000000e+00 -1.074066852417912978e-08
1.000000000000000000e+00 1.792117280339237980e-10
2.000000000000000000e+00 1.488490966078020066e-08
3.000000000000000000e+00 2.412004855720842079e-08
4.000000000000000000e+00 2.135881057707793060e-08
5.000000000000000000e+00 8.525405598488111199e-09
6.000000000000000000e+00 -1.523362817754173979e-09
7.000000000000000000e+00 2.068063600829899039e-09
8.000000000000000000e+00 1.167015103680910028e-08
9.000000000000000000e+00 1.157619647567300067e-08
1.000000000000000000e+01 3.818955784490789635e-09
1.100000000000000000e+01 3.807869830147250010e-09
1.200000000000000000e+01 1.198996460936620955e-08
1.300000000000000000e+01 1.355394628957570074e-08
1.400000000000000000e+01 5.005983122828101932e-09
1.500000000000000000e+01 -2.007680484664681068e-09
1.600000000000000000e+01 -1.539718641926588096e-09
1.700000000000000000e+01 8.852987021857036203e-10
1.800000000000000000e+01 5.901052548298865840e-10
1.900000000000000000e+01 -9.462024840333740098e-10
2.000000000000000000e+01 -7.897172845665996915e-10
2.100000000000000000e+01 9.587258171562383037e-10
2.200000000000000000e+01 9.762740779124018520e-10
2.300000000000000000e+01 -1.852859583175015053e-09
2.400000000000000000e+01 -3.450887641579077961e-09
2.500000000000000000e+01 -1.947178680258666206e-09
2.600000000000000000e+01 -1.284920057320504953e-09
2.700000000000000000e+01 -2.048697029570002951e-09
2.800000000000000000e+01 8.243340244328719458e-11
2.900000000000000000e+01 3.493086309220200172e-09
3.000000000000000000e+01 2.339993060513648023e-09
3.100000000000000000e+01 -1.541274385119676062e-09
3.200000000000000000e+01 -2.534494520863590907e-09
3.300000000000000000e+01 -1.802151540411125992e-09
3.400000000000000000e+01 -2.363313684667065135e-09
3.500000000000000000e+01 -2.392936934692911995e-09
3.600000000000000000e+01 -8.061422520433810240e-10
3.700000000000000000e+01 1.875520602545612029e-10
3.800000000000000000e+01 2.758693417029388088e-10
3.900000000000000000e+01 5.157129360634751103e-10
4.000000000000000000e+01 1.152367975723213029e-10
4.100000000000000000e+01 -9.005160079275282558e-10
4.200000000000000000e+01 -8.140114994140257988e-10
4.300000000000000000e+01 1.805811774466301093e-10
4.400000000000000000e+01 4.898872088513718633e-10
4.500000000000000000e+01 -1.592486861665601933e-11
4.600000000000000000e+01 -7.701623562387644908e-10
4.700000000000000000e+01 -1.353876777716682080e-09
4.800000000000000000e+01 -1.137240991960415942e-09
4.900000000000000000e+01 -4.922699371014789368e-10
5.000000000000000000e+01 -4.486300950537845138e-10
5.100000000000000000e+01 -5.344026530328403991e-10
5.200000000000000000e+01 -1.776208815524865853e-11
5.300000000000000000e+01 3.142547538882774887e-10
5.400000000000000000e+01 1.791410989591297902e-10
5.500000000000000000e+01 3.420469038698050743e-10
5.600000000000000000e+01 4.388035726311430919e-10
5.700000000000000000e+01 -2.567504812653861962e-11
5.800000000000000000e+01 -1.092807285415785050e-10
5.900000000000000000e+01 3.242694921991606891e-10
6.000000000000000000e+01 1.556821821663545047e-10
6.100000000000000000e+01 -3.203708321445005075e-10
6.200000000000000000e+01 -2.003827490824478971e-10
6.300000000000000000e+01 -1.072617030962150063e-10
6.400000000000000000e+01 -3.606501953562718914e-10
6.500000000000000000e+01 -5.072534763298920195e-11
6.600000000000000000e+01 5.766141253582204997e-10
6.700000000000000000e+01 4.546578441184487801e-10
6.800000000000000000e+01 -3.013061386419427147e-12
6.900000000000000000e+01 3.876189695581869712e-12
7.000000000000000000e+01 1.315126603142944122e-10
7.100000000000000000e+01 1.388376407175227943e-10
7.200000000000000000e+01 2.871729552255698090e-10
7.300000000000000000e+01 3.507850987430621202e-10
7.400000000000000000e+01 1.287547367901480096e-10
7.500000000000000000e+01 -4.807108340422147781e-11
7.600000000000000000e+01 -1.201512383401942059e-10
7.700000000000000000e+01 -2.222577735853207988e-10
7.800000000000000000e+01 -1.599299041500420910e-10
7.900000000000000000e+01 1.332622543227941925e-11
8.000000000000000000e+01 -3.364890368127056808e-11
8.100000000000000000e+01 -1.656136550140477051e-10
8.200000000000000000e+01 -1.546151898305308102e-10
8.300000000000000000e+01 -1.796778227203916114e-10
8.400000000000000000e+01 -2.673384473036838195e-10
8.500000000000000000e+01 -2.307916318194549039e-10
8.600000000000000000e+01 -1.344055938886902928e-10
8.700000000000000000e+01 -1.530388262417470065e-12
8.800000000000000000e+01 2.897594120404227004e-10
8.900000000000000000e+01 5.466529386804776981e-10
9.000000000000000000e+01 5.438805862365126012e-10
9.100000000000000000e+01 4.363745072339134021e-10
9.200000000000000000e+01 3.485430410654609121e-10
9.300000000000000000e+01 2.652347660490162897e-10
9.400000000000000000e+01 3.074646440207803888e-10
9.500000000000000000e+01 4.328875651901202782e-10
9.600000000000000000e+01 3.909040456679135943e-10
9.700000000000000000e+01 2.362146724890674998e-10
9.800000000000000000e+01 1.524043775536266057e-10
9.900000000000000000e+01 5.186121774099307198e-11
