0.000000000000000000e+00 -7.706717885041863223e-09
1.000000000000000000e+00 2.936971845725726177e-10
2.000000000000000000e+00 1.103478451027467013e-08
3.000000000000000000e+00 1.319962797863421060e-08
4.000000000000000000e+00 6.179959376862419934e-09
5.000000000000000000e+00 3.546629288293175801e-09
6.000000000000000000e+00 7.632744170001859105e-09
7.000000000000000000e+00 5.786006474437265382e-09
8.000000000000000000e+00 -3.293726158860692932e-09
9.000000000000000000e+00 -7.850232525124432024e-09
1.000000000000000000e+01 -4.306120232765238737e-09
1.100000000000000000e+01 2.663571884257151853e-09
1.200000000000000000e+01 9.905137851699508865e-09
1.300000000000000000e+01 1.273824768733063955e-08
1.400000000000000000e+01 8.013920353501609471e-09
1.500000000000000000e+01 2.305228288149615936e-09
1.600000000000000000e+01 2.152178025690729827e-09
1.700000000000000000e+01 3.616022388705340111e-09
1.800000000000000000e+01 2.148222142592074955e-09
1.900000000000000000e+01 3.125290756724284790e-10
2.000000000000000000e+01 5.204813501416913467e-10
2.100000000000000000e+01 1.533967950894684957e-09
2.200000000000000000e+01 2.038261885539195999e-09
2.300000000000000000e+01 1.499333840101915037e-09
2.400000000000000000e+01 6.860493159318495374e-10
2.500000000000000000e+01 1.044804178196342972e-09
2.600000000000000000e+01 1.080444442731379926e-09
2.700000000000000000e+01 -8.425713213511594164e-10
2.800000000000000000e+01 -1.502385785531928998e-09
2.900000000000000000e+01 8.789950433875368344e-10
3.000000000000000000e+01 1.807116878599602061e-09
3.100000000000000000e+01 -4.535646928467433076e-10
3.200000000000000000e+01 -1.624308809624408946e-09
3.300000000000000000e+01 -8.405398566607545559e-10
3.400000000000000000e+01 -1.083071689674209068e-09
3.500000000000000000e+01 -1.621294434093005040e-09
3.600000000000000000e+01 -7.779265136721188010e-10
3.700000000000000000e+01 -4.518420366179378058e-10
3.800000000000000000e+01 -1.217326745283670062e-09
3.900000000000000000e+01 -1.004687261682624091e-09
4.000000000000000000e+01 -2.616409518384235743e-10
4.100000000000000000e+01 -5.679380180958363043e-10
4.200000000000000000e+01 -7.380262306338655482e-10
4.300000000000000000e+01 1.903234305506220007e-10
4.400000000000000000e+01 8.535513287090456303e-10
4.500000000000000000e+01 5.988077596304668557e-10
4.600000000000000000e+01 5.750995361297086024e-11
4.700000000000000000e+01 -5.263655825209000946e-10
4.800000000000000000e+01 -8.473590111880082654e-10
4.900000000000000000e+01 -5.807229607603080118e-10
5.000000000000000000e+01 -1.234028794454580044e-10
5.100000000000000000e+01 3.600041930529380934e-10
5.200000000000000000e+01 9.142331839668652470e-10
5.300000000000000000e+01 8.638833070689503083e-10
5.400000000000000000e+01 2.357426644880813243e-10
5.500000000000000000e+01 1.711605633708006946e-10
5.600000000000000000e+01 5.391271638148451532e-10
5.700000000000000000e+01 3.347570048278172752e-10
5.800000000000000000e+01 1.293423409129469050e-11
5.900000000000000000e+01 1.983211068418628085e-10
6.000000000000000000e+01 2.351840822559388064e-10
6.100000000000000000e+01 -3.079571082930313685e-11
6.200000000000000000e+01 -5.792504273180595250e-11
6.300000000000000000e+01 -1.190219031575082035e-10
6.400000000000000000e+01 -3.094786755522670242e-10
6.500000000000000000e+01 -4.729409719041244092e-12
6.600000000000000000e+01 3.753017000287289760e-10
6.700000000000000000e+01 3.102943382206248169e-11
6.800000000000000000e+01 -3.060066816363196999e-10
6.900000000000000000e+01 6.805456138984320755e-11
7.000000000000000000e+01 4.174601042498560891e-10
7.100000000000000000e+01 3.713930879796270799e-10
7.200000000000000000e+01 4.090473269122607072e-10
7.300000000000000000e+01 4.371630945115946217e-10
7.400000000000000000e+01 2.530938182734623131e-10
7.500000000000000000e+01 2.400334569497850922e-10
7.600000000000000000e+01 3.568260519639338067e-10
7.700000000000000000e+01 1.901386680635840898e-10
7.800000000000000000e+01 -6.147067095082945211e-11
7.900000000000000000e+01 -1.321154981162700101e-10
8.000000000000000000e+01 -1.974770750622374029e-10
8.100000000000000000e+01 -2.329283864179171097e-10
8.200000000000000000e+01 -1.179009643331421986e-10
8.300000000000000000e+01 -3.996884354129664308e-11
8.400000000000000000e+01 -2.216663402958222913e-11
8.500000000000000000e+01 4.498997766417836317e-11
8.600000000000000000e+01 1.241838497255854076e-11
8.700000000000000000e+01 -2.515738689573546139e-11
8.800000000000000000e+01 2.193075086925110069e-10
8.900000000000000000e+01 3.953199750388163064e-10
9.000000000000000000e+01 9.523976588361552577e-11
9.100000000000000000e+01 -2.287577664996136099e-10
9.200000000000000000e+01 -1.274318164959960885e-10
9.300000000000000000e+01 1.123133912975203975e-10
9.400000000000000000e+01 1.957157969423729060e-10
9.500000000000000000e+01 1.529989617783784068e-10
9.600000000000000000e+01 3.102143099681247768e-11
9.700000000000000000e+01 -4.379593628135387231e-11
9.800000000000000000e+01 -4.198247918419136660e-12
9.900000000000000000e+01 -4.124092701464590799e-11
