0.000000000000000000e+00 -7.410229518943525638e-09
1.000000000000000000e+00 -8.122139260046963022e-10
2.000000000000000000e+00 1.131911463022137996e-08
3.000000000000000000e+00 1.830865333867330987e-08
4.000000000000000000e+00 1.485428392728562920e-08
5.000000000000000000e+00 1.049353727908444963e-08
6.000000000000000000e+00 8.829918099946599557e-09
7.000000000000000000e+00 2.851453042256281127e-09
8.000000000000000000e+00 -4.888767578018971748e-09
9.000000000000000000e+00 -5.993584731436142785e-09
1.000000000000000000e+01 -2.571515749417444940e-09
1.100000000000000000e+01 1.786620250939917944e-09
1.200000000000000000e+01 8.827932457377066871e-09
1.300000000000000000e+01 1.342300488302409032e-08
1.400000000000000000e+01 8.852586527985386710e-09
1.500000000000000000e+01 2.174329534908869071e-09
1.600000000000000000e+01 2.091140673717964852e-09
1.700000000000000000e+01 4.097445032663585408e-09
1.800000000000000000e+01 2.785776521064351158e-09
1.900000000000000000e+01 1.099208851142325897e-09
2.000000000000000000e+01 1.137534232023409018e-09
2.100000000000000000e+01 1.565018134188907951e-09
2.200000000000000000e+01 1.991920891586349937e-09
2.300000000000000000e+01 1.394952863026319006e-09
2.400000000000000000e+01 -5.484101717683194205e-10
2.500000000000000000e+01 -9.804955153405261176e-10
2.600000000000000000e+01 1.082257464113487994e-10
2.700000000000000000e+01 -5.011965361780904372e-10
2.800000000000000000e+01 -1.117004297414521983e-09
2.900000000000000000e+01 1.095141947862028049e-09
3.000000000000000000e+01 2.406328757347904025e-09
3.100000000000000000e+01 3.352722781845678853e-10
3.200000000000000000e+01 -9.466109718430043966e-10
3.300000000000000000e+01 -1.274650777878131956e-10
3.400000000000000000e+01 -4.671183288861950404e-10
3.500000000000000000e+01 -1.392191125615746914e-09
3.600000000000000000e+01 -8.031429630757988662e-10
3.700000000000000000e+01 -5.079782438975165946e-10
3.800000000000000000e+01 -1.143906714314243056e-09
3.900000000000000000e+01 -4.795362639778488731e-10
4.000000000000000000e+01 7.253940309539127234e-10
4.100000000000000000e+01 2.920632850756378867e-10
4.200000000000000000e+01 -5.128563581699753323e-10
4.300000000000000000e+01 -2.290831343291973967e-10
4.400000000000000000e+01 1.361877080524337047e-10
4.500000000000000000e+01 2.461048491207418056e-10
4.600000000000000000e+01 5.911252008012889546e-10
4.700000000000000000e+01 5.753791186779560435e-10
4.800000000000000000e+01 7.678846544723856583e-11
4.900000000000000000e+01 -6.512820093420060074e-11
5.000000000000000000e+01 1.654583717622358060e-10
5.100000000000000000e+01 4.705058280708870080e-10
5.200000000000000000e+01 8.682465870991792150e-10
5.300000000000000000e+01 8.333466756336038022e-10
5.400000000000000000e+01 2.893119442354822856e-10
5.500000000000000000e+01 1.355556177851593897e-10
5.600000000000000000e+01 2.408540077870712905e-10
5.700000000000000000e+01 -9.864942818204649980e-11
5.800000000000000000e+01 -1.920062568857215043e-10
5.900000000000000000e+01 3.197521584107065214e-10
6.000000000000000000e+01 3.251526923487183948e-10
6.100000000000000000e+01 -2.288882419115099020e-10
6.200000000000000000e+01 -3.682531286610419981e-10
6.300000000000000000e+01 -3.678202517947230782e-10
6.400000000000000000e+01 -5.345396004285257486e-10
6.500000000000000000e+01 -1.377850973430985982e-10
6.600000000000000000e+01 4.795523149767093207e-10
6.700000000000000000e+01 3.047964781489229797e-10
6.800000000000000000e+01 -1.908385705846722971e-11
6.900000000000000000e+01 3.096195937193616816e-10
7.000000000000000000e+01 5.375736646973027938e-10
7.100000000000000000e+01 2.889963143200015040e-10
7.200000000000000000e+01 1.833195559184635878e-10
7.300000000000000000e+01 1.663959178330761909e-10
7.400000000000000000e+01 -3.661425270612308752e-11
7.500000000000000000e+01 -6.478073544856511092e-12
7.600000000000000000e+01 2.615617019633844750e-10
7.700000000000000000e+01 2.383011261044890779e-10
7.800000000000000000e+01 -2.949517766474578183e-11
7.900000000000000000e+01 -2.714479635518689234e-10
8.000000000000000000e+01 -4.809512318037015275e-10
8.100000000000000000e+01 -4.664519841711157357e-10
8.200000000000000000e+01 -1.894206849539028060e-10
8.300000000000000000e+01 -3.958260231724325226e-11
8.400000000000000000e+01 -3.968810230693269180e-11
8.500000000000000000e+01 3.969097975730583288e-11
8.600000000000000000e+01 2.972194159343436192e-11
8.700000000000000000e+01 -3.974728651198792711e-11
8.800000000000000000e+01 1.491204377829392046e-10
8.900000000000000000e+01 2.908365879861467108e-10
9.000000000000000000e+01 1.707197505569196883e-11
9.100000000000000000e+01 -2.080366014616699036e-10
9.200000000000000000e+01 -6.017080376650806710e-11
9.300000000000000000e+01 6.426919795339538139e-11
9.400000000000000000e+01 -1.453129394293428079e-11
9.500000000000000000e+01 -1.253008759266160884e-10
9.600000000000000000e+01 -2.333724930322030224e-10
9.700000000000000000e+01 -2.369219634174518148e-10
9.800000000000000000e+01 -1.126029107290237976e-10
9.900000000000000000e+01 -1.534914729145803105e-10
