0.000000000000000000e+00 -6.545270116387863357e-09
1.000000000000000000e+00 -8.696842957704347235e-10
2.000000000000000000e+00 9.178189003717052111e-09
3.000000000000000000e+00 1.793161125680488140e-08
4.000000000000000000e+00 1.830141913113620900e-08
5.000000000000000000e+00 9.997884410100701602e-09
6.000000000000000000e+00 1.563725083301628901e-09
7.000000000000000000e+00 1.180671636296128908e-09
8.000000000000000000e+00 6.549082554884103930e-09
9.000000000000000000e+00 8.665186236076625422e-09
1.000000000000000000e+01 5.661232619273002116e-09
1.100000000000000000e+01 4.453841442118835341e-09
1.200000000000000000e+01 7.328054564594852011e-09
1.300000000000000000e+01 8.556177362471311210e-09
1.400000000000000000e+01 6.230072104163487904e-09
1.500000000000000000e+01 4.729032254474325863e-09
1.600000000000000000e+01 5.015427889555774882e-09
1.700000000000000000e+01 4.274961854165165881e-09
1.800000000000000000e+01 2.794785031830922111e-09
1.900000000000000000e+01 2.056339959159667817e-09
2.000000000000000000e+01 1.162966770716801064e-09
2.100000000000000000e+01 2.187643817682691888e-10
2.200000000000000000e+01 4.314185939121507799e-10
2.300000000000000000e+01 4.029358388969674060e-10
2.400000000000000000e+01 -1.033267654864393962e-09
2.500000000000000000e+01 -1.884086007795043024e-09
2.600000000000000000e+01 -1.427926866227178939e-09
2.700000000000000000e+01 -1.268719400471072073e-09
2.800000000000000000e+01 -7.879109275479871953e-10
2.900000000000000000e+01 1.231732386926778085e-09
3.000000000000000000e+01 2.578046447440988056e-09
3.100000000000000000e+01 1.463455457608041069e-09
3.200000000000000000e+01 3.740708028408043691e-12
3.300000000000000000e+01 1.190783441897857941e-11
3.400000000000000000e+01 5.272408500588387975e-10
3.500000000000000000e+01 6.376345810522855445e-10
3.600000000000000000e+01 3.821200310733165780e-10
3.700000000000000000e+01 -1.456624935848042876e-10
3.800000000000000000e+01 -3.537509165900938779e-10
3.900000000000000000e+01 5.563347865536846294e-11
4.000000000000000000e+01 9.291262058039486256e-11
4.100000000000000000e+01 -5.970011650669907991e-10
4.200000000000000000e+01 -8.973796749874729253e-10
4.300000000000000000e+01 -4.636114873885614247e-10
4.400000000000000000e+01 -3.490585851177106689e-11
4.500000000000000000e+01 2.644152435182683877e-10
4.600000000000000000e+01 5.536775442380353595e-10
4.700000000000000000e+01 4.663180624381734204e-10
4.800000000000000000e+01 8.307430642257909197e-11
4.900000000000000000e+01 -6.191095274236031337e-11
5.000000000000000000e+01 9.640356506638496091e-11
5.100000000000000000e+01 4.098272067100249781e-10
5.200000000000000000e+01 7.562179119287155235e-10
5.300000000000000000e+01 7.585756163511464759e-10
5.400000000000000000e+01 3.825335384529560221e-10
5.500000000000000000e+01 1.400195705047749962e-10
5.600000000000000000e+01 1.360724519067248089e-10
5.700000000000000000e+01 1.420213897598030923e-10
5.800000000000000000e+01 2.515233342091864804e-10
5.900000000000000000e+01 3.061912261768592038e-10
6.000000000000000000e+01 -1.348461178856468038e-10
6.100000000000000000e+01 -7.483413744028953803e-10
6.200000000000000000e+01 -9.075313052581737092e-10
6.300000000000000000e+01 -7.318911281860597229e-10
6.400000000000000000e+01 -4.201842913667141026e-10
6.500000000000000000e+01 1.348679881982405001e-10
6.600000000000000000e+01 5.161963329579134201e-10
6.700000000000000000e+01 2.641263938983604109e-10
6.800000000000000000e+01 -1.232656897709130899e-10
6.900000000000000000e+01 -8.445240026963639294e-11
7.000000000000000000e+01 1.499213448553628997e-10
7.100000000000000000e+01 3.057148046005130956e-10
7.200000000000000000e+01 3.649622062350401070e-10
7.300000000000000000e+01 2.181378231003050060e-10
7.400000000000000000e+01 1.023768722544287947e-11
7.500000000000000000e+01 7.364295199719147796e-11
7.600000000000000000e+01 1.932198923280859082e-10
7.700000000000000000e+01 -1.120968574642347989e-11
7.800000000000000000e+01 -3.160505656567960823e-10
7.900000000000000000e+01 -3.782803653349288764e-10
8.000000000000000000e+01 -2.518320252986248903e-10
8.100000000000000000e+01 -7.851731357031901888e-11
8.200000000000000000e+01 4.607986984194960195e-12
8.300000000000000000e+01 -1.087434114875510989e-10
8.400000000000000000e+01 -1.914267597544848024e-10
8.500000000000000000e+01 -1.192814724309207036e-11
8.600000000000000000e+01 2.104806343522922912e-10
8.700000000000000000e+01 2.972090492995863750e-10
8.800000000000000000e+01 4.026022243596657063e-10
8.900000000000000000e+01 4.871303110332368739e-10
9.000000000000000000e+01 3.484439424643528829e-10
9.100000000000000000e+01 1.007562202504429006e-10
9.200000000000000000e+01 -4.888227655848662189e-11
9.300000000000000000e+01 -9.921842295655318665e-11
9.400000000000000000e+01 -9.203985538651350525e-11
9.500000000000000000e+01 -1.252643481108999932e-10
9.600000000000000000e+01 -2.915333494501049163e-10
9.700000000000000000e+01 -3.750155021128292086e-10
9.800000000000000000e+01 -1.773989129393142970e-10
9.900000000000000000e+01 3.930743995015708187e-11
