0.000000000000000000e+00 -1.000429207794091973e-08
1.000000000000000000e+00 4.472343755651943809e-10
2.000000000000000000e+00 6.712515583776905907e-09
3.000000000000000000e+00 1.342635532674628922e-08
4.000000000000000000e+00 2.880702009415956151e-08
5.000000000000000000e+00 3.484708768696224797e-08
6.000000000000000000e+00 1.931463289245312009e-08
7.000000000000000000e+00 4.670272855587941620e-09
8.000000000000000000e+00 8.627375743992476652e-09
9.000000000000000000e+00 1.550473137002057837e-08
1.000000000000000000e+01 1.058643944072248941e-08
1.100000000000000000e+01 2.993646292923162930e-09
1.200000000000000000e+01 1.915295124113564191e-09
1.300000000000000000e+01 2.987492439254063932e-09
1.400000000000000000e+01 1.761718979911931939e-09
1.500000000000000000e+01 -3.673329161674457218e-10
1.600000000000000000e+01 -1.129020776401531955e-09
1.700000000000000000e+01 4.866548740779181683e-10
1.800000000000000000e+01 2.578103755132455912e-09
1.900000000000000000e+01 1.963038098562293187e-09
2.000000000000000000e+01 8.756261232987692841e-11
2.100000000000000000e+01 2.483557476308240810e-10
2.200000000000000000e+01 5.079243724775505536e-10
2.300000000000000000e+01 -1.570464907155152090e-09
2.400000000000000000e+01 -2.997852903360795990e-09
2.500000000000000000e+01 -1.889803368649323814e-09
2.600000000000000000e+01 -1.344861754419610075e-09
2.700000000000000000e+01 -2.434749587247825063e-09
2.800000000000000000e+01 -2.409994058282855932e-09
2.900000000000000000e+01 -7.314078206384807262e-10
3.000000000000000000e+01 5.110911229934107809e-10
3.100000000000000000e+01 5.441863853515694259e-10
3.200000000000000000e+01 -3.603223547018601822e-11
3.300000000000000000e+01 -6.088183439438051730e-10
3.400000000000000000e+01 -8.225940214670290828e-10
3.500000000000000000e+01 -1.210635585385209065e-09
3.600000000000000000e+01 -2.046038364694715093e-09
3.700000000000000000e+01 -1.830314897872055097e-09
3.800000000000000000e+01 7.597823195726078562e-11
3.900000000000000000e+01 1.306453606324722930e-09
4.000000000000000000e+01 9.878547069603208077e-11
4.100000000000000000e+01 -1.893784485518347015e-09
4.200000000000000000e+01 -2.485174865978072905e-09
4.300000000000000000e+01 -1.606346026142348952e-09
4.400000000000000000e+01 -3.473119375979495173e-10
4.500000000000000000e+01 3.474935258138847112e-10
4.600000000000000000e+01 2.773721861493220782e-10
4.700000000000000000e+01 1.533827733652691897e-10
4.800000000000000000e+01 4.395588052853990058e-10
4.900000000000000000e+01 6.573943024806049182e-10
5.000000000000000000e+01 5.844919013293978421e-10
5.100000000000000000e+01 5.793926898256767434e-10
5.200000000000000000e+01 4.907233108696237643e-10
5.300000000000000000e+01 9.379256051970863291e-11
5.400000000000000000e+01 1.281252566319729958e-11
5.500000000000000000e+01 5.016493565171292119e-10
5.600000000000000000e+01 6.218098182309092073e-10
5.700000000000000000e+01 -4.066836605634539826e-11
5.800000000000000000e+01 -5.224111674459119400e-10
5.900000000000000000e+01 -2.018429579212339098e-10
6.000000000000000000e+01 3.179628656661184137e-10
6.100000000000000000e+01 4.491611438885687074e-10
6.200000000000000000e+01 2.692632743305430004e-10
6.300000000000000000e+01 -6.073948240193449128e-11
6.400000000000000000e+01 -3.091298717895901970e-10
6.500000000000000000e+01 1.648441938613366060e-11
6.600000000000000000e+01 8.584666203915357809e-10
6.700000000000000000e+01 1.334516093144991988e-09
6.800000000000000000e+01 1.069052599362396927e-09
6.900000000000000000e+01 6.895542066567347976e-10
7.000000000000000000e+01 4.824552482085148137e-10
7.100000000000000000e+01 7.540142958431373856e-11
7.200000000000000000e+01 -3.557539972619203170e-10
7.300000000000000000e+01 -3.253667516350719237e-10
7.400000000000000000e+01 -2.417620025791010878e-10
7.500000000000000000e+01 -6.781850793926682935e-10
7.600000000000000000e+01 -1.186733698428048956e-09
7.700000000000000000e+01 -1.165368853673166983e-09
7.800000000000000000e+01 -7.592000991960131754e-10
7.900000000000000000e+01 -2.330761497113355232e-10
8.000000000000000000e+01 2.164985081178450035e-10
8.100000000000000000e+01 1.550727653933283109e-10
8.200000000000000000e+01 -3.552105331986557197e-10
8.300000000000000000e+01 -5.506206827022892909e-10
8.400000000000000000e+01 -2.723065520373274956e-10
8.500000000000000000e+01 -1.326801314422113038e-10
8.600000000000000000e+01 -1.891301190584148952e-10
8.700000000000000000e+01 1.416964381998944066e-11
8.800000000000000000e+01 3.553035960540908768e-10
8.900000000000000000e+01 3.537008405575839921e-10
9.000000000000000000e+01 -4.423897035918924218e-11
9.100000000000000000e+01 -5.192605387631316679e-10
9.200000000000000000e+01 -6.446789690548446689e-10
9.300000000000000000e+01 -2.263933404704967090e-10
9.400000000000000000e+01 2.080872052824089068e-10
9.500000000000000000e+01 -1.057589725461652996e-12
9.600000000000000000e+01 -5.019542793021765263e-10
9.700000000000000000e+01 -5.044851016521660651e-10
9.800000000000000000e+01 -1.850449212891386103e-10
9.900000000000000000e+01 -2.481961408516832026e-10
