0.000000000000000000e+00 -8.616541152613461077e-09
1.000000000000000000e+00 -8.658186041314427578e-11
2.000000000000000000e+00 1.237874125570329016e-08
3.000000000000000000e+00 1.869349385268920069e-08
4.000000000000000000e+00 1.431470390616225010e-08
5.000000000000000000e+00 6.864768480863315083e-09
6.000000000000000000e+00 3.891199467902657378e-09
7.000000000000000000e+00 3.958934952199407098e-09
8.000000000000000000e+00 3.275262633835217999e-09
9.000000000000000000e+00 1.129258116717805012e-09
1.000000000000000000e+01 -3.471169269451596080e-10
1.100000000000000000e+01 2.797792985040086075e-09
1.200000000000000000e+01 9.865709442199456531e-09
1.300000000000000000e+01 1.250404120722319975e-08
1.400000000000000000e+01 6.911907092451627297e-09
1.500000000000000000e+01 9.382930993887834541e-10
1.600000000000000000e+01 8.425719446723731946e-10
1.700000000000000000e+01 2.602140216753768170e-09
1.800000000000000000e+01 1.739083397898013920e-09
1.900000000000000000e+01 -1.870587647667339066e-11
2.000000000000000000e+01 -7.743056925060431530e-11
2.100000000000000000e+01 1.181278504904885953e-09
2.200000000000000000e+01 1.639614995912593946e-09
2.300000000000000000e+01 1.240681212046269952e-10
2.400000000000000000e+01 -1.296581201697997953e-09
2.500000000000000000e+01 -5.941460427265591456e-10
2.600000000000000000e+01 -1.059552180708744963e-10
2.700000000000000000e+01 -1.351730649608004944e-09
2.800000000000000000e+01 -8.605481529790826222e-10
2.900000000000000000e+01 1.953662480023672190e-09
3.000000000000000000e+01 2.191320445762069974e-09
3.100000000000000000e+01 -5.851590771639642344e-10
3.200000000000000000e+01 -1.672868090201826078e-09
3.300000000000000000e+01 -9.190818520854920667e-10
3.400000000000000000e+01 -1.255916078586826085e-09
3.500000000000000000e+01 -1.634757633631208984e-09
3.600000000000000000e+01 -6.723193922082893217e-10
3.700000000000000000e+01 -2.296511483179770875e-10
3.800000000000000000e+01 -6.260564569727377016e-10
3.900000000000000000e+01 -2.738916177659390229e-10
4.000000000000000000e+01 6.973413441571726848e-11
4.100000000000000000e+01 -5.764997207264598114e-10
4.200000000000000000e+01 -7.513098844384503139e-10
4.300000000000000000e+01 8.260796158767287534e-11
4.400000000000000000e+01 5.248599599998008695e-10
4.500000000000000000e+01 2.546386367648031036e-10
4.600000000000000000e+01 -1.312239003344640081e-10
4.700000000000000000e+01 -5.553260614319075529e-10
4.800000000000000000e+01 -7.212530619281983842e-10
4.900000000000000000e+01 -4.229909103911531096e-10
5.000000000000000000e+01 -1.690995334468932939e-10
5.100000000000000000e+01 5.345984482663057866e-11
5.200000000000000000e+01 5.304369492009983705e-10
5.300000000000000000e+01 6.346868787775829424e-10
5.400000000000000000e+01 2.419833293376804876e-10
5.500000000000000000e+01 2.309774214193965884e-10
5.600000000000000000e+01 4.241118254742615839e-10
5.700000000000000000e+01 1.309456562114661101e-10
5.800000000000000000e+01 -3.380540929762519702e-11
5.900000000000000000e+01 2.672686749811154045e-10
6.000000000000000000e+01 1.769124377857305057e-10
6.100000000000000000e+01 -2.502472150898446778e-10
6.200000000000000000e+01 -2.704757567345734895e-10
6.300000000000000000e+01 -2.438450428579904124e-10
6.400000000000000000e+01 -3.985685298828264197e-10
6.500000000000000000e+01 -6.747153024494172948e-11
6.600000000000000000e+01 4.335543138091276218e-10
6.700000000000000000e+01 2.398807942545103778e-10
6.800000000000000000e+01 -1.132772678919982021e-10
6.900000000000000000e+01 7.222299670018402026e-11
7.000000000000000000e+01 2.867502528762058838e-10
7.100000000000000000e+01 2.487012458673335034e-10
7.200000000000000000e+01 3.051999526387268080e-10
7.300000000000000000e+01 3.097749566514393172e-10
7.400000000000000000e+01 1.118881994916951958e-10
7.500000000000000000e+01 7.361182203762615516e-11
7.600000000000000000e+01 1.524310885423169983e-10
7.700000000000000000e+01 2.610492181102887992e-11
7.800000000000000000e+01 -1.157450845196904953e-10
7.900000000000000000e+01 -1.289926714148699119e-10
8.000000000000000000e+01 -2.074756155749473935e-10
8.100000000000000000e+01 -2.499539392502020044e-10
8.200000000000000000e+01 -1.325421530190202015e-10
8.300000000000000000e+01 -9.189181325005279442e-11
8.400000000000000000e+01 -1.328475197604968089e-10
8.500000000000000000e+01 -6.851936547269670518e-11
8.600000000000000000e+01 -2.832932513871087855e-11
8.700000000000000000e+01 -7.421815621889184422e-12
8.800000000000000000e+01 2.246688742850298123e-10
8.900000000000000000e+01 4.224131799455840192e-10
9.000000000000000000e+01 2.589343870398353999e-10
9.100000000000000000e+01 4.103748025690786838e-11
9.200000000000000000e+01 6.325589927465606925e-11
9.300000000000000000e+01 1.422861555968068998e-10
9.400000000000000000e+01 1.703661840458283873e-10
9.500000000000000000e+01 1.774721077641194034e-10
9.600000000000000000e+01 9.726555546478999783e-11
9.700000000000000000e+01 1.521343471878865840e-11
9.800000000000000000e+01 3.284755762864483211e-11
9.900000000000000000e+01 -1.294354052691217046e-11
1.000000000000000000e+02 -1.442065096484585023e-10
